MTS793|MPT|ENU|1|2|.|/|:|1|0|0|A

Data Acquisition						Time:	57.360352	s	2/8/2024 3:06:25 PM
Time	Ch 1 Force	Bolt
s	N	V
37.37793	3748.8401	0.30224279
37.397461	3743.3452	0.30216736
37.416992	3735.3855	0.30261916
37.436523	3749.5195	0.30329749
37.456055	3753.8652	0.30320483
37.475586	3749.7363	0.30333096
37.495117	3770.0393	0.30391371
37.514648	3784.8706	0.30519032
37.53418	3786.5645	0.30678767
37.553711	3804.823	0.30819428
37.573242	3830.8755	0.30898356
37.592773	3836.6563	0.30996573
37.612305	3858.9934	0.31146491
37.631836	3889.7268	0.31375217
37.651367	3903.4639	0.31594661
37.670898	3923.5842	0.31787139
37.69043	3961	0.31942278
37.709961	3979.1929	0.32118854
37.729492	4000.3838	0.32332093
37.749023	4038.6418	0.32615799
37.768555	4069.8418	0.32910821
37.788086	4091.4822	0.33179247
37.807617	4133.3564	0.33406967
37.827148	4170.1035	0.33658683
37.84668	4198.3179	0.33948198
37.866211	4238.019	0.34300661
37.885742	4281.1074	0.34637249
37.905273	4308.2583	0.34944233
37.924805	4350.1084	0.35238469
37.944336	4399.4761	0.35537905
37.963867	4436.3799	0.35900509
37.983398	4473.1567	0.36286527
38.00293	4524.8892	0.36660177
38.022461	4563.9517	0.37000293
38.041992	4600.7422	0.37301761
38.061523	4653.1807	0.37641141
38.081055	4696.0063	0.38030964
38.100586	4732.7153	0.38441327
38.120117	4783.6348	0.38842064
38.139648	4833.6904	0.39184743
38.15918	4869.8027	0.39527947
38.178711	4917.5923	0.39873105
38.198242	4969.8584	0.40285468
38.217773	5007.397	0.407116
38.237305	5057.4365	0.41132495
38.256836	5109.7964	0.41475594
38.276367	5149.7988	0.41814262
38.295898	5194.125	0.42187476
38.31543	5248.6006	0.42605132
38.334961	5289.0859	0.43033051
38.354492	5324.7754	0.43415225
38.374023	5383.5981	0.43750197
38.393555	5426.9595	0.44093716
38.413086	5465.7124	0.44453439
38.432617	5512.5669	0.44862416
38.452148	5555.3979	0.45238045
38.47168	5589.0352	0.45581117
38.491211	5632.2764	0.45858431
38.510742	5681.2954	0.46163934
38.530273	5709.29	0.4650062
38.549805	5747.4629	0.46865582
38.569336	5792.1235	0.47194034
38.588867	5819.9551	0.47477657
38.608398	5852.5508	0.47712493
38.62793	5894.4463	0.47963661
38.647461	5922.5454	0.48246801
38.666992	5948.0015	0.48558086
38.686523	5985.1289	0.48829651
38.706055	6012.3149	0.49042791
38.725586	6029.6411	0.49220905
38.745117	6065.5732	0.49411014
38.764648	6091.9639	0.49643785
38.78418	6103.9546	0.49879366
38.803711	6130.9873	0.50081366
38.823242	6154.9155	0.50214916
38.842773	6162.7124	0.50318056
38.862305	6181.8394	0.50446886
38.881836	6207.2759	0.50611806
38.901367	6208.9316	0.50772524
38.920898	6218.1602	0.50896919
38.94043	6239.6919	0.50933087
38.959961	6235.3364	0.50917161
38.979492	6236.7554	0.50967324
38.999023	6251.3198	0.51052809
39.018555	6254.144	0.51109004
39.038086	6242.9155	0.51134062
39.057617	6253.1699	0.51088536
39.077148	6255.2231	0.51046783
39.09668	6241.2578	0.51027042
39.116211	6245.3623	0.51045305
39.135742	6246.4468	0.51037484
39.155273	6224.8579	0.50974411
39.174805	6216.4263	0.50851321
39.194336	6215.1528	0.50708377
39.213867	6190.9629	0.50591457
39.233398	6173.7344	0.50520957
39.25293	6166.0947	0.50413549
39.272461	6140.3252	0.50237989
39.291992	6116.0117	0.5003401
39.311523	6106.4365	0.4982141
39.331055	6078.7534	0.49643594
39.350586	6043.8315	0.49495965
39.370117	6029.0967	0.49319148
39.389648	6003.064	0.49062103
39.40918	5964.1118	0.48779935
39.428711	5939.6899	0.48492461
39.448242	5911.8008	0.48256305
39.467773	5870.2261	0.48039824
39.487305	5839.0537	0.47786608
39.506836	5814.2842	0.47474074
39.526367	5767.5947	0.47143614
39.545898	5731.585	0.46824336
39.56543	5701.1748	0.46529236
39.584961	5657.0713	0.46245688
39.604492	5612.2266	0.45943969
39.624023	5580.6475	0.45571619
39.643555	5538.25	0.45192057
39.663086	5489.4937	0.44826311
39.682617	5454.5459	0.445207
39.702148	5412.2495	0.44196784
39.72168	5354.7651	0.43827879
39.741211	5316.106	0.43416804
39.760742	5280.248	0.43010935
39.780273	5226.5547	0.42620742
39.799805	5178.312	0.42293721
39.819336	5142.5132	0.41944176
39.838867	5089.7495	0.41567618
39.858398	5039.708	0.41127717
39.87793	5002.644	0.40710434
39.897461	4953.5186	0.40347084
39.916992	4902.5415	0.40010977
39.936523	4864.9063	0.39662701
39.956055	4818.1079	0.39270145
39.975586	4764.8564	0.38848037
39.995117	4726.0835	0.38431591
40.014648	4684.124	0.38081169
40.03418	4632.4634	0.37769601
40.053711	4590.2217	0.37418184
40.073242	4550.4048	0.37046638
40.092773	4500.4863	0.36631006
40.112305	4459.0005	0.36255991
40.131836	4425.5811	0.35930943
40.151367	4378.2339	0.3563967
40.170898	4333.6079	0.35330403
40.19043	4307.3442	0.34984037
40.209961	4264.5293	0.3462075
40.229492	4222.894	0.34291533
40.249023	4195.2725	0.34025013
40.268555	4160.3364	0.33794212
40.288086	4118.084	0.33524579
40.307617	4092.9365	0.33216524
40.327148	4063.522	0.32909775
40.34668	4023.7783	0.32635745
40.366211	3999.8459	0.32442096
40.385742	3980.5374	0.32264704
40.405273	3946.6174	0.32067627
40.424805	3922.5107	0.31812891
40.444336	3908.0791	0.31579393
40.463867	3878.0098	0.31377897
40.483398	3855.9219	0.31274921
40.50293	3846.9065	0.31145334
40.522461	3824.5056	0.30997309
40.541992	3801.8235	0.30811676
40.561523	3798.1921	0.30652675
40.581055	3786.3167	0.30566913
40.600586	3763.5364	0.30539554
40.620117	3763.4414	0.30483645
40.639648	3762.0962	0.30406672
40.65918	3743.897	0.30302289
40.678711	3745.3413	0.30237415
40.698242	3749.2937	0.30225736
40.717773	3737.6128	0.30261633
40.737305	3739.9761	0.30296293
40.756836	3755.0898	0.30291539
40.776367	3747.4236	0.30266035
40.795898	3747.0374	0.30295435
40.81543	3767.7002	0.30361506
40.834961	3774.6633	0.30501488
40.854492	3776.6206	0.30624056
40.874023	3800.6106	0.30696744
40.893555	3815.6089	0.3076804
40.913086	3822.0532	0.30880201
40.932617	3848.8076	0.3106361
40.952148	3872.8311	0.31270948
40.97168	3880.8962	0.31461176
40.991211	3909.4202	0.31592801
41.010742	3939.0244	0.31740332
41.030273	3956.1763	0.31941283
41.049805	3983.6836	0.32215059
41.069336	4021.676	0.32491878
41.088867	4044.1389	0.32743728
41.108398	4073.646	0.32951045
41.12793	4115.3242	0.3318502
41.147461	4143.167	0.33461666
41.166992	4169.1143	0.33778864
41.186523	4216.5723	0.34105593
41.206055	4252.1714	0.34399265
41.225586	4280.5625	0.34671411
41.245117	4325.2568	0.34949118
41.264648	4368.1719	0.35282221
41.28418	4400.1724	0.35672742
41.303711	4445.1431	0.3604385
41.323242	4491.8945	0.36382112
41.342773	4526.9224	0.36680084
41.362305	4572.9526	0.37012148
41.381836	4624.5605	0.3739405
41.401367	4667.4287	0.37850353
41.420898	4707.373	0.38261503
41.44043	4761.6528	0.38611412
41.459961	4804.5122	0.38938594
41.479492	4845.0771	0.39294982
41.499023	4899.6577	0.39703473
41.518555	4941.3237	0.40118906
41.538086	4979.5503	0.40523022
41.557617	5032.5181	0.40862703
41.577148	5081.6274	0.41196647
41.59668	5118.9497	0.41556254
41.616211	5167.0391	0.41976875
41.635742	5221.0698	0.42405087
41.655273	5259.4531	0.42807424
41.674805	5302.0605	0.43133181
41.694336	5353.1855	0.43462157
41.713867	5391.8052	0.43823469
41.733398	5435.0742	0.44243461
41.75293	5489.3496	0.44655985
41.772461	5527.5542	0.45019612
41.791992	5560.7441	0.45313182
41.811523	5611.417	0.45629188
41.831055	5651.3335	0.45965946
41.850586	5683.5645	0.4633531
41.870117	5727.7217	0.46679196
41.889648	5764.9487	0.46969816
41.90918	5791.791	0.47230262
41.928711	5834.2954	0.47502783
41.948242	5876.2476	0.47812253
41.967773	5896.7197	0.48118877
41.987305	5929.5737	0.48399773
42.006836	5968.6021	0.48650399
42.026367	5989.0264	0.48842233
42.045898	6015.291	0.49054232
42.06543	6052.1597	0.49302506
42.084961	6070.8013	0.49552041
42.104492	6088.1851	0.49768066
42.124023	6121.1143	0.49928647
42.143555	6138.9204	0.50063562
42.163086	6149.4121	0.50194329
42.182617	6176.7427	0.50376463
42.202148	6194.5034	0.50563979
42.22168	6196.6396	0.50708479
42.241211	6214.0732	0.50778008
42.260742	6233.7075	0.50835299
42.280273	6233.2334	0.50909626
42.299805	6240.2676	0.51011348
42.319336	6255.6328	0.5109393
42.338867	6250.166	0.51148903
42.358398	6250.3965	0.51128781
42.37793	6263.3999	0.51108295
42.397461	6256.6978	0.51092446
42.416992	6245.6294	0.51122826
42.436523	6257.0615	0.5114187
42.456055	6250.3862	0.5110513
42.475586	6229.9619	0.50990093
42.495117	6232.2319	0.50894165
42.514648	6222.0791	0.50797856
42.53418	6196.313	0.50740314
42.553711	6191.4194	0.50667918
42.573242	6181.8633	0.50532407
42.592773	6153.9004	0.50347233
42.612305	6134.4717	0.50147963
42.631836	6125.4531	0.49987572
42.651367	6093.0732	0.4984906
42.670898	6067.7061	0.49694151
42.69043	6052.3853	0.49457049
42.709961	6018.9077	0.49193239
42.729492	5985.5078	0.48928615
42.749023	5968.0254	0.48707122
42.768555	5933.2153	0.48509514
42.788086	5891.6851	0.48276588
42.807617	5868.9268	0.47974315
42.827148	5836.5229	0.47646612
42.84668	5791.5967	0.47340798
42.866211	5760.0337	0.47071859
42.885742	5727.0161	0.4680678
42.905273	5680.3525	0.46517703
42.924805	5643.5337	0.46158975
42.944336	5612.436	0.45783293
42.963867	5562.5864	0.45431855
42.983398	5518.4497	0.45127288
43.00293	5486.0454	0.44826034
43.022461	5439.5732	0.44463551
43.041992	5386.9736	0.44058079
43.061523	5351.5259	0.4366273
43.081055	5307.2358	0.43273318
43.100586	5254.459	0.42951566
43.120117	5218.3882	0.42608559
43.139648	5173.2891	0.42232397
43.15918	5117.5654	0.41798991
43.178711	5076.3716	0.41395956
43.198242	5037.6636	0.41007942
43.217773	4982.6265	0.40682524
43.237305	4936.3711	0.40331855
43.256836	4898.9443	0.39946419
43.276367	4848.7017	0.39518011
43.295898	4797.8931	0.39088863
43.31543	4760.8237	0.38718879
43.334961	4711.5352	0.38399708
43.354492	4661.6157	0.38060996
43.374023	4625.1318	0.37671819
43.393555	4580.8677	0.37256277
43.413086	4525.2822	0.36844489
43.432617	4490.9668	0.36519468
43.452148	4449.4546	0.36217156
43.47168	4401.1533	0.35896599
43.491211	4363.2344	0.35530227
43.510742	4331.2178	0.35162127
43.530273	4284.2876	0.34818864
43.549805	4249.6255	0.34555462
43.569336	4218.4966	0.34266207
43.588867	4174.6655	0.33988997
43.608398	4137.4209	0.33667225
43.62793	4118.0122	0.33355924
43.647461	4080.5159	0.33071667
43.666992	4044.5095	0.32850027
43.686523	4021.0027	0.32634768
43.706055	3992.4204	0.32415137
43.725586	3956.8442	0.32142258
43.745117	3940.7075	0.31888443
43.764648	3917.8518	0.31676382
43.78418	3884.9202	0.31538787
43.803711	3870.7295	0.31403035
43.823242	3854.7825	0.31232613
43.842773	3829.3711	0.31038088
43.862305	3811.1482	0.30841333
43.881836	3804.9268	0.30709514
43.901367	3783.8328	0.30644464
43.920898	3769.0439	0.30595219
43.94043	3769.863	0.30494928
43.959961	3756.3845	0.30375504
43.979492	3741.3159	0.30273172
43.999023	3748.7925	0.30245817
44.018555	3745.3811	0.30271214
44.038086	3731.6621	0.30272615
44.057617	3739.4099	0.30257314
44.077148	3746.6199	0.30213219
44.09668	3736.5874	0.30207291
44.116211	3747.2678	0.30267423
44.135742	3760.5979	0.30373546
44.155273	3758.5803	0.30466455
44.174805	3769.093	0.30504981
44.194336	3793.0205	0.30564782
44.213867	3798.1379	0.30651692
44.233398	3809.7234	0.30823404
44.25293	3838.1855	0.31005394
44.272461	3852.864	0.31187442
44.291992	3865.958	0.31306934
44.311523	3897.3193	0.31423157
44.331055	3919.4233	0.31598043
44.350586	3934.5645	0.31843227
44.370117	3968.6421	0.32089531
44.389648	3998.8701	0.3232995
44.40918	4017.5266	0.32533479
44.428711	4054.1921	0.32740122
44.448242	4095.759	0.33016041
44.467773	4119.3135	0.333406
44.487305	4155.1582	0.33668634
44.506836	4195.6387	0.33942148
44.526367	4224.4663	0.34183729
44.545898	4256.7725	0.34445065
44.56543	4308.1655	0.34765071
44.584961	4341.7446	0.35146576
44.604492	4374.0103	0.35503352
44.624023	4427.188	0.35863024
44.643555	4467.3213	0.36149263
44.663086	4501.7305	0.36464021
44.682617	4549.54	0.36816266
44.702148	4595.3179	0.3722012
44.72168	4631.6089	0.37625241
44.741211	4679.9644	0.37975711
44.760742	4730.2109	0.38287026
44.780273	4768.8433	0.38644198
44.799805	4813.1323	0.39048064
44.819336	4867.0791	0.39467591
44.838867	4906.2393	0.39864248
44.858398	4950.1045	0.40228635
44.87793	5002.7134	0.40564087
44.897461	5045.3057	0.40915057
44.916992	5089.8477	0.41348547
44.936523	5146.481	0.41798335
44.956055	5189.0098	0.42203498
44.975586	5227.667	0.42533892
44.995117	5278.0059	0.42866415
45.014648	5325.3218	0.43227255
45.03418	5359.2422	0.43633997
45.053711	5409.8481	0.44050241
45.073242	5457.3911	0.44432676
45.092773	5493.6514	0.44720608
45.112305	5536.6309	0.45038208
45.131836	5584.4619	0.45374867
45.151367	5618.7222	0.45762822
45.170898	5656.1201	0.46144515
45.19043	5703.4746	0.46465006
45.209961	5738.3071	0.46733296
45.229492	5768.8213	0.47003126
45.249023	5813.4697	0.47299266
45.268555	5847.1831	0.47644171
45.288086	5872.54	0.47966316
45.307617	5910.1167	0.48214877
45.327148	5943.4209	0.48413751
45.34668	5965.4229	0.48636287
45.366211	5999.625	0.48896807
45.385742	6034.5273	0.49188837
45.405273	6045.9082	0.49416602
45.424805	6073.3418	0.49605724
45.444336	6106.0708	0.49744797
45.463867	6120.6743	0.49900207
45.483398	6137.7729	0.50102437
45.50293	6166.1089	0.50301117
45.522461	6176.835	0.50468332
45.541992	6186.7842	0.50585306
45.561523	6213.6602	0.50666511
45.581055	6222.9492	0.50758845
45.600586	6222.4126	0.50876468
45.620117	6243.1953	0.51005757
45.639648	6253.2485	0.51081347
45.65918	6244.9487	0.51090264
45.678711	6250.6553	0.51055217
45.698242	6262.168	0.51049596
45.717773	6250.7964	0.51111823
45.737305	6254.1421	0.51149225
45.756836	6261.3154	0.51159912
45.776367	6247.4375	0.51090622
45.795898	6240.7378	0.51013559
45.81543	6245.5898	0.50938809
45.834961	6226.9229	0.50899553
45.854492	6205.4063	0.50832981
45.874023	6205.4526	0.50740361
45.893555	6188.9497	0.5056538
45.913086	6163.2827	0.50401318
45.932617	6155.5474	0.50250357
45.952148	6137.9355	0.50143492
45.97168	6102.2832	0.49991831
45.991211	6085.2837	0.497747
46.010742	6069.6963	0.49550727
46.030273	6031.7148	0.49317536
46.049805	6007.1216	0.49096423
46.069336	5987.4067	0.48911107
46.088867	5949.4829	0.48697415
46.108398	5917.1377	0.48427337
46.12793	5891.2441	0.48100471
46.147461	5851.5176	0.47800854
46.166992	5814.2573	0.47555488
46.186523	5790.5942	0.47314221
46.206055	5752.6343	0.47038662
46.225586	5704.7515	0.4670538
46.245117	5674.1997	0.4632864
46.264648	5636.5879	0.4596931
46.28418	5586.9141	0.45675141
46.303711	5549.6636	0.45380488
46.323242	5511.8013	0.45047164
46.342773	5462.0308	0.44657347
46.362305	5422.605	0.44266936
46.381836	5383.7393	0.43887895
46.401367	5332.7002	0.43574873
46.420898	5286.1572	0.43243402
46.44043	5252.4932	0.42883235
46.459961	5201.2837	0.42448443
46.479492	5148.9429	0.4201999
46.499023	5109.957	0.41632849
46.518555	5064.0098	0.41300249
46.538086	5010.7383	0.40965718
46.557617	4971.999	0.40565705
46.577148	4927.6387	0.40137511
46.59668	4872.5542	0.39725468
46.616211	4833.4136	0.39354438
46.635742	4793.1182	0.39011991
46.655273	4738.4194	0.38680705
46.674805	4695.2734	0.38296872
46.694336	4660.0864	0.37881869
46.713867	4608.9375	0.37494335
46.733398	4563.5586	0.37147209
46.75293	4527.6621	0.36830363
46.772461	4479.6143	0.36494699
46.791992	4431.7422	0.36128265
46.811523	4399.5923	0.3573423
46.831055	4357.4951	0.35383946
46.850586	4311.7373	0.35078329
46.870117	4280.147	0.3481358
46.889648	4246.4058	0.34533325
46.90918	4201.5322	0.34182218
46.928711	4168.9136	0.33836779
46.948242	4139.5327	0.33524692
46.967773	4100.3418	0.33284461
46.987305	4068.449	0.33067939
47.006836	4044.2471	0.32818872
47.026367	4006.7439	0.32531425
47.045898	3975.5828	0.32254064
47.06543	3960.8228	0.32029107
47.084961	3931.2898	0.31852558
47.104492	3901.1191	0.31697881
47.124023	3886.8455	0.31514081
47.143555	3865.3027	0.31289548
47.163086	3837.8538	0.31086835
47.182617	3830.228	0.30957189
47.202148	3817.2761	0.30862135
47.22168	3792.0112	0.30795726
47.241211	3779.1204	0.30635691
47.260742	3777.5627	0.30494964
47.280273	3759.4885	0.30403864
47.299805	3751.3176	0.30354813
47.319336	3756.9211	0.30340341
47.338867	3745.2925	0.30340636
47.358398	3737.9734	0.30293459
47.37793	3746.7844	0.30219188
47.397461	3742.5149	0.30187604
47.416992	3735.158	0.30220535
47.436523	3750.8171	0.30294067
47.456055	3757.6311	0.30353722
47.475586	3750.7739	0.30392995
47.495117	3769.3521	0.3041825
47.514648	3786.3486	0.30477786
47.53418	3787.3958	0.30610767
47.553711	3811.79	0.30796242
47.573242	3835.2932	0.30985659
47.592773	3842.7249	0.31099859
47.612305	3863.4001	0.31218401
47.631836	3893.7363	0.31354123
47.651367	3905.9744	0.31561705
47.670898	3921.4585	0.31771663
47.69043	3958.5781	0.31989875
47.709961	3982.0254	0.32172319
47.729492	4001.696	0.32345402
47.749023	4041.2458	0.32568824
47.768555	4069.0867	0.32884145
47.788086	4097.3486	0.33208477
47.807617	4138.4248	0.33512169
47.827148	4176.5273	0.33739591
47.84668	4200.4541	0.3397879
47.866211	4242.7725	0.34265313
47.885742	4285.9893	0.34630582
47.905273	4315.0708	0.34997696
47.924805	4353.7539	0.35307449
47.944336	4401.564	0.35587752
47.963867	4435.4746	0.35891658
47.983398	4473.6631	0.36237922
48.00293	4527.3843	0.36648077
48.022461	4565.1289	0.37029412
48.041992	4600.5605	0.37363651
48.061523	4655.7607	0.37683678
48.081055	4697.5229	0.38008362
48.100586	4734.7095	0.38392317
48.120117	4784.2124	0.38835984
48.139648	4833.373	0.39220604
48.15918	4869.8945	0.39585024
48.178711	4920.9922	0.39917231
48.198242	4972.3652	0.40276933
48.217773	5009.7612	0.40696624
48.237305	5057.3086	0.41112471
48.256836	5111.3291	0.41521457
48.276367	5150.1157	0.41857862
48.295898	5193.6768	0.42190549
48.31543	5246.8716	0.4255797
48.334961	5288.665	0.42980528
48.354492	5328.2769	0.43396342
48.374023	5380.7456	0.43793395
48.393555	5422.5078	0.44115111
48.413086	5459.4766	0.44439271
48.432617	5509.0708	0.44771653
48.452148	5554.3721	0.45172638
48.47168	5584.7266	0.45548674
48.491211	5630.2256	0.45897171
48.510742	5676.7676	0.46174157
48.530273	5704.7798	0.46454701
48.549805	5745.6743	0.46777552
48.569336	5790.0132	0.47146231
48.588867	5815.7593	0.47458676
48.608398	5851.9229	0.47760445
48.62793	5897.3662	0.4800064
48.647461	5925.1265	0.48252875
48.666992	5947.9727	0.48521641
48.686523	5986.959	0.48813614
48.706055	6014.8867	0.49076554
48.725586	6030.8843	0.4928425
48.745117	6063.0962	0.49443936
48.764648	6089.6084	0.49602306
48.78418	6101.3706	0.4981488
48.803711	6128.7129	0.50042796
48.823242	6153.915	0.50229675
48.842773	6160.2451	0.50361693
48.862305	6179.6216	0.50445378
48.881836	6203.2217	0.50543153
48.901367	6208.6802	0.50699574
48.920898	6217.5039	0.50851774
48.94043	6238.543	0.50958532
48.959961	6242.6772	0.51004708
48.979492	6242.7734	0.51031983
48.999023	6261.7148	0.51049048
49.018555	6259.001	0.51116902
49.038086	6248.5625	0.51173913
49.057617	6259.7866	0.51186007
49.077148	6263.3975	0.5113911
49.09668	6248.1431	0.51079822
49.116211	6255.7295	0.51073617
49.135742	6260.2793	0.510952
49.155273	6238.7539	0.51091975
49.174805	6231.084	0.51014692
49.194336	6229.3896	0.50856864
49.213867	6202.9277	0.50694096
49.233398	6184.5664	0.50563431
49.25293	6178.9575	0.50455487
49.272461	6151.1353	0.50335026
49.291992	6122.9355	0.5015949
49.311523	6112.6875	0.4993318
49.331055	6086.8535	0.49704495
49.350586	6054.2612	0.49514258
49.370117	6035.8247	0.49343857
49.389648	6009.5332	0.49151808
49.40918	5969.877	0.48895425
49.428711	5945.5391	0.48593712
49.448242	5922.5669	0.48306701
49.467773	5876.1606	0.4804942
49.487305	5844.6787	0.47829366
49.506836	5819.4224	0.47556937
49.526367	5775.8447	0.47254092
49.545898	5735.1616	0.46888149
49.56543	5706.8193	0.46543095
49.584961	5663.9844	0.46272188
49.604492	5618.3867	0.45995501
49.624023	5587.0854	0.45667216
49.643555	5544.0845	0.45277092
49.663086	5487.2026	0.44847891
49.682617	5453.3623	0.44473949
49.702148	5411.3374	0.44155923
49.72168	5357.8799	0.43832278
49.741211	5311.7905	0.43449485
49.760742	5275.146	0.43020165
49.780273	5223.5234	0.42622611
49.799805	5180.1602	0.42231107
49.819336	5140.7798	0.41903281
49.838867	5087.6235	0.41554004
49.858398	5036.5679	0.41184667
49.87793	5002.5996	0.40756768
49.897461	4952.1255	0.403166
49.916992	4898.2056	0.39939836
49.936523	4859.9878	0.39610639
49.956055	4814.5781	0.39265636
49.975586	4760.4004	0.38872722
49.995117	4723.6431	0.38448128
50.014648	4679.9619	0.3803429
50.03418	4626.3208	0.37690526
50.053711	4588.2979	0.37376022
50.073242	4551.3804	0.37046909
50.092773	4498.8423	0.36684906
50.112305	4457.0049	0.36283875
50.131836	4424.1587	0.35917836
50.151367	4378.23	0.35594031
50.170898	4336.1895	0.35324311
50.19043	4306.5103	0.35041976
50.209961	4265.7847	0.3468844
50.229492	4223.2793	0.34337714
50.249023	4196.0728	0.34008178
50.268555	4160.6938	0.33748251
50.288086	4116.3066	0.33507812
50.307617	4093.1116	0.33258319
50.327148	4065.217	0.32968134
50.34668	4024.2834	0.32665741
50.366211	4001.0935	0.32409397
50.385742	3979.2556	0.32218206
50.405273	3945.4568	0.32044065
50.424805	3918.9175	0.31850606
50.444336	3911.9395	0.31639323
50.463867	3878.2568	0.31420803
50.483398	3854.7073	0.31220829
50.50293	3848.915	0.31110141
50.522461	3824.782	0.30992806
50.541992	3799.9294	0.30859071
50.561523	3795.4749	0.30694377
50.581055	3784.2493	0.30547523
50.600586	3764.5559	0.30466858
50.620117	3765.7424	0.30433294
50.639648	3761.918	0.30408898
50.65918	3740.6917	0.30338743
50.678711	3741.877	0.30241561
50.698242	3748.563	0.30188593
50.717773	3737.3938	0.30189607
50.737305	3736.5786	0.30249965
50.756836	3753.0259	0.30313942
50.776367	3746.2659	0.3031773
50.795898	3748.3088	0.30303735
50.81543	3768.8645	0.30344254
50.834961	3776.1445	0.3047716
50.854492	3778.8442	0.30622801
50.874023	3802.6345	0.30744734
50.893555	3818.3809	0.30838367
50.913086	3823.3403	0.3092851
50.932617	3849.6699	0.31053412
50.952148	3875.2776	0.31237823
50.97168	3884.9141	0.31474328
50.991211	3912.386	0.31670278
51.010742	3941.5774	0.31819418
51.030273	3957.5972	0.31987119
51.049805	3986.1675	0.32181355
51.069336	4023.0203	0.32460248
51.088867	4045.0869	0.32745495
51.108398	4071.0605	0.33022135
51.12793	4114.6177	0.3323276
51.147461	4141.71	0.33462328
51.166992	4171.3179	0.33741766
51.186523	4216.3159	0.34086829
51.206055	4253.2422	0.34430775
51.225586	4281.438	0.34741682
51.245117	4327.8379	0.35002673
51.264648	4370.4932	0.35294163
51.28418	4400.8379	0.35631281
51.303711	4446.5654	0.36035386
51.323242	4495.1421	0.36429185
51.342773	4532.1714	0.36786473
51.362305	4574.1938	0.37088406
51.381836	4627.2134	0.37416977
51.401367	4667.0801	0.37816465
51.420898	4707.3813	0.38228416
51.44043	4762.1626	0.38618955
51.459961	4802.0591	0.38977194
51.479492	4840.5703	0.39308345
51.499023	4896.0981	0.39650258
51.518555	4940.5176	0.40064424
51.538086	4978.9653	0.40494442
51.557617	5031.3076	0.4090991
51.577148	5082.0923	0.41255188
51.59668	5118.6279	0.41596121
51.616211	5170.585	0.41958636
51.635742	5221.1079	0.42377901
51.655273	5258.0879	0.42790163
51.674805	5302.3999	0.43210569
51.694336	5350.686	0.43504968
51.713867	5388.7085	0.4381417
51.733398	5431.6108	0.44174078
51.75293	5484.7271	0.44599587
51.772461	5522.7041	0.45001084
51.791992	5559.687	0.45353132
51.811523	5609.1011	0.45644271
51.831055	5646.2969	0.45948321
51.850586	5679.8687	0.46266162
51.870117	5725.5444	0.46640339
51.889648	5765.5928	0.46985
51.90918	5792.0962	0.47309217
51.928711	5831.3638	0.47532022
51.948242	5872.2964	0.47768947
51.967773	5897.4897	0.4805457
51.987305	5926.5742	0.48366243
52.006836	5964.9897	0.48646456
52.026367	5985.3262	0.48872173
52.045898	6012.4048	0.49063948
52.06543	6051.2612	0.49276561
52.084961	6068.2441	0.49495745
52.104492	6084.9556	0.49727756
52.124023	6118.1763	0.49945804
52.143555	6138.4966	0.50095457
52.163086	6148.2329	0.5021255
52.182617	6171.2666	0.5033251
52.202148	6191.3062	0.50503814
52.22168	6197.3008	0.5068565
52.241211	6215.4863	0.50830162
52.260742	6232.3838	0.50883168
52.280273	6229.4033	0.50909168
52.299805	6240.4092	0.50954527
52.319336	6256.9429	0.51047355
52.338867	6250.459	0.51139373
52.358398	6247.8735	0.51164412
52.37793	6264.5366	0.51129621
52.397461	6258.103	0.51105118
52.416992	6247.6973	0.5107013
52.436523	6255.895	0.51086104
52.456055	6247.4761	0.51082069
52.475586	6228.9248	0.51037276
52.495117	6231.0698	0.50912845
52.514648	6222.084	0.50792855
52.53418	6195.2451	0.50673378
52.553711	6187.3989	0.50608307
52.573242	6179.7549	0.50513691
52.592773	6150.1138	0.50369579
52.612305	6134.292	0.50163233
52.631836	6122.813	0.49964947
52.651367	6092.3057	0.49793038
52.670898	6065.4546	0.49642596
52.69043	6052.6377	0.4947437
52.709961	6018.0488	0.49237058
52.729492	5984.1089	0.4896552
52.749023	5968.5513	0.48708808
52.768555	5936.9858	0.48475009
52.788086	5894.7959	0.48269197
52.807617	5867.0342	0.48011658
52.827148	5835.5679	0.47703958
52.84668	5791.4551	0.47366148
52.866211	5759.6611	0.47035092
52.885742	5728.8091	0.46761099
52.905273	5678.5264	0.46491507
52.924805	5641.1865	0.46193901
52.944336	5610.3413	0.4581407
52.963867	5562.0415	0.45429593
52.983398	5519.1279	0.45071721
53.00293	5483.0132	0.44767591
53.022461	5435.9619	0.44443071
53.041992	5387.5259	0.44115901
53.061523	5355.8398	0.43720365
53.081055	5307.2002	0.43311459
53.100586	5254.7559	0.42893198
53.120117	5212.0791	0.42522147
53.139648	5168.6958	0.42175514
53.15918	5112.9009	0.41813222
53.178711	5069.2813	0.41390878
53.198242	5032.127	0.40976411
53.217773	4978.7793	0.40601704
53.237305	4935.147	0.40270931
53.256836	4894.5132	0.39918673
53.276367	4840.8521	0.39518559
53.295898	4794.2959	0.3908895
53.31543	4758.146	0.38683987
53.334961	4710.7251	0.3832874
53.354492	4657.1816	0.38022685
53.374023	4623.1875	0.3767924
53.393555	4578.1865	0.3729822
53.413086	4530.4468	0.36903173
53.432617	4495.6768	0.36548403
53.452148	4455.1763	0.3621918
53.47168	4407.4087	0.35930845
53.491211	4371.5586	0.35627159
53.510742	4338.0894	0.35265905
53.530273	4288.6968	0.34880215
53.549805	4252.4673	0.34549564
53.569336	4226.416	0.34284872
53.588867	4183.4756	0.34039909
53.608398	4143.7598	0.33742601
53.62793	4118.6646	0.33437371
53.647461	4080.5283	0.33107758
53.666992	4044.1133	0.32826471
53.686523	4023.0403	0.32612771
53.706055	3994.094	0.32412219
53.725586	3959.5996	0.32200211
53.745117	3942.9897	0.31949532
53.764648	3924.5498	0.31711411
53.78418	3890.803	0.31513479
53.803711	3872.7236	0.3138468
53.823242	3859.843	0.31254229
53.842773	3832.4709	0.31101084
53.862305	3815.9746	0.3090969
53.881836	3811.1516	0.30744171
53.901367	3789.001	0.3063387
53.920898	3772.4063	0.30593845
53.94043	3772.7231	0.30515921
53.959961	3758.4983	0.30415648
53.979492	3741.3894	0.30317479
53.999023	3749.5488	0.30215931
54.018555	3747.405	0.30225995
54.038086	3734.8911	0.30260059
54.057617	3743.2693	0.3028256
54.077148	3747.5974	0.30277383
54.09668	3738.0435	0.30236435
54.116211	3749.0547	0.3024722
54.135742	3766.0332	0.30334029
54.155273	3762.259	0.30455458
54.174805	3772.7336	0.30560631
54.194336	3796.4319	0.30634117
54.213867	3800.7766	0.3070021
54.233398	3812.3091	0.30787235
54.25293	3841.3035	0.30964604
54.272461	3854.0132	0.31165838
54.291992	3866.9514	0.31355596
54.311523	3901.6184	0.31491813
54.331055	3923.5908	0.3163951
54.350586	3939.1328	0.31837422
54.370117	3974.0156	0.32092229
54.389648	4005.4131	0.323668
54.40918	4025.8809	0.32617509
54.428711	4059.6868	0.32823211
54.448242	4096.6763	0.3304885
54.467773	4121.9053	0.33301488
54.487305	4156.5044	0.33658001
54.506836	4199.8789	0.33978
54.526367	4225.8398	0.3424896
54.545898	4260.98	0.34509844
54.56543	4307.7979	0.34785363
54.584961	4341.6611	0.35098809
54.604492	4375.6953	0.35475907
54.624023	4423.437	0.35850194
54.643555	4464.7583	0.36193198
54.663086	4498.2505	0.36480042
54.682617	4550.8545	0.36814868
54.702148	4597.5542	0.37202054
54.72168	4631.2871	0.37596411
54.741211	4681.2119	0.38009152
54.760742	4733.6484	0.38359407
54.780273	4770.6328	0.38688767
54.799805	4816.0591	0.39038715
54.819336	4870.3652	0.39449674
54.838867	4907.8906	0.39871299
54.858398	4953.1792	0.40293121
54.87793	5006.5615	0.40632144
54.897461	5048.356	0.40973437
54.916992	5088.0068	0.41330212
54.936523	5141.7515	0.4174225
54.956055	5187.498	0.42153817
54.975586	5225.0879	0.42553291
54.995117	5279.1455	0.4291693
55.014648	5328.7134	0.43285871
55.03418	5366.7354	0.43644503
55.053711	5416.0869	0.44065374
55.073242	5462.4556	0.44462621
55.092773	5497.3477	0.44826227
55.112305	5539.1709	0.4511469
55.131836	5589.5576	0.45419216
55.151367	5622.918	0.45762485
55.170898	5658.4775	0.4615387
55.19043	5707.6313	0.46508241
55.209961	5742.3774	0.46815622
55.229492	5771.9277	0.47081506
55.249023	5818.5596	0.47351655
55.268555	5849.6641	0.47641918
55.288086	5876.0327	0.4797377
55.307617	5916.0791	0.48272842
55.327148	5950.1201	0.48517135
55.34668	5967.4121	0.48711592
55.366211	6003.1597	0.4890632
55.385742	6038.0698	0.49171928
55.405273	6054.7412	0.49446073
55.424805	6077.5562	0.49690622
55.444336	6110.6626	0.49853891
55.463867	6124.4404	0.49977586
55.483398	6148.7588	0.5018208
55.50293	6175.1899	0.50350654
55.522461	6185.0439	0.50541043
55.541992	6192.249	0.5068205
55.561523	6217.6113	0.50755262
55.581055	6227.1724	0.50818968
55.600586	6229.2383	0.50898981
55.620117	6246.3809	0.51010972
55.639648	6254.9702	0.51106858
55.65918	6247.2056	0.51161879
55.678711	6259.1714	0.51155192
55.698242	6267.1362	0.51133704
55.717773	6254.2085	0.51133496
55.737305	6256.2734	0.51165175
55.756836	6265.2383	0.51182419
55.776367	6248.2246	0.51144236
55.795898	6240.1885	0.51055127
55.81543	6245.251	0.50952202
55.834961	6227.4028	0.50862139
55.854492	6209.5371	0.50825083
55.874023	6208.2041	0.50752378
55.893555	6188.4087	0.5062589
55.913086	6163.6401	0.50437105
55.932617	6155.5977	0.50245553
55.952148	6137.9238	0.50107175
55.97168	6104.104	0.49974322
55.991211	6087.7979	0.49818712
56.010742	6069.98	0.49603963
56.030273	6034.9263	0.49361855
56.049805	6008.3423	0.4909806
56.069336	5987.4834	0.48873395
56.088867	5952.1167	0.48695511
56.108398	5918.9634	0.48482117
56.12793	5897.877	0.48194256
56.147461	5855.042	0.47858176
56.166992	5815.627	0.47548339
56.186523	5790.6758	0.47302717
56.206055	5751.9463	0.47018951
56.225586	5707.1338	0.46751454
56.245117	5674.54	0.46384755
56.264648	5635.5566	0.46009719
56.28418	5585.5386	0.45654583
56.303711	5546.0156	0.45315289
56.323242	5507.0513	0.44999123
56.342773	5455.7661	0.44660664
56.362305	5413.2563	0.4426282
56.381836	5381.1982	0.43869704
56.401367	5330.6104	0.43514165
56.420898	5282.8896	0.43181524
56.44043	5246.0576	0.42829531
56.459961	5195.377	0.42451131
56.479492	5142.626	0.42011493
56.499023	5105.9009	0.41588092
56.518555	5057.2231	0.41214731
56.538086	5003.2744	0.40879941
56.557617	4966.502	0.40535215
56.577148	4924.4883	0.40147787
56.59668	4866.7695	0.39723632
56.616211	4824.3188	0.39298779
56.635742	4784.9482	0.38932008
56.655273	4734.7847	0.38609174
56.674805	4691.9849	0.38279128
56.694336	4651.1079	0.37891117
56.713867	4600.9141	0.37467527
56.733398	4557.1606	0.37072551
56.75293	4520.7012	0.36752012
56.772461	4474.8706	0.36447334
56.791992	4427.9673	0.3612408
56.811523	4394.395	0.35747957
56.831055	4354.8481	0.35364869
56.850586	4308.0547	0.35027057
56.870117	4276.5151	0.3474806
56.889648	4241.9126	0.34479651
56.90918	4197.1284	0.34180677
56.928711	4165.4849	0.33854067
56.948242	4139.6016	0.33531547
56.967773	4095.8386	0.33245251
56.987305	4067.0437	0.33029115
57.006836	4048.0298	0.32828179
57.026367	4010.2795	0.32598254
57.045898	3979.0913	0.32301977
57.06543	3959.8386	0.3201701
57.084961	3931.5	0.31800669
57.104492	3901.6392	0.31653669
57.124023	3888.9907	0.31495783
57.143555	3866.2703	0.31336516
57.163086	3838.0793	0.31120774
57.182617	3830.2461	0.30941585
57.202148	3818.1897	0.30807322
57.22168	3790.3938	0.30732054
57.241211	3782.0696	0.30642673
57.260742	3778.8794	0.30543649
57.280273	3760.9072	0.30417955
57.299805	3752.4209	0.30315521
57.319336	3758.1609	0.30282256
57.338867	3744.2664	0.30293825
57.358398	3741.5254	0.30325028

Data Acquisition						Time:	70.691406	s	2/8/2024 3:06:38 PM
Time	Ch 1 Force	Bolt
s	N	V
57.37793	3753.4192	0.30299011
57.397461	3747.6892	0.30251956
57.416992	3736.8916	0.30220833
57.436523	3754.2034	0.30285436
57.456055	3758.3237	0.30359381
57.475586	3753.9043	0.30431449
57.495117	3769.0618	0.30452684
57.514648	3787.4299	0.30514953
57.53418	3788.7673	0.30597651
57.553711	3808.2664	0.30751571
57.573242	3833.384	0.30940014
57.592773	3837.4958	0.31101695
57.612305	3858.4661	0.31202638
57.631836	3889.0029	0.31328249
57.651367	3903.9744	0.3149316
57.670898	3923.179	0.31738883
57.69043	3957.5623	0.31978738
57.709961	3979.104	0.32209799
57.729492	4001.676	0.32374513
57.749023	4042.3164	0.32589263
57.768555	4071.6609	0.3284615
57.788086	4091.1216	0.3313354
57.807617	4132.3862	0.33450407
57.827148	4168.1211	0.33720458
57.84668	4195.1206	0.33966851
57.866211	4234.2593	0.34232897
57.885742	4281.8672	0.34561989
57.905273	4310.4878	0.34937441
57.924805	4349.5532	0.35287058
57.944336	4398.2744	0.35588926
57.963867	4430.2339	0.35879648
57.983398	4469.8315	0.36199486
58.00293	4525.0283	0.36574158
58.022461	4565.4219	0.37003428
58.041992	4603.5962	0.37402749
58.061523	4654.5278	0.37727398
58.081055	4700.978	0.38064849
58.100586	4737.7236	0.38404799
58.120117	4788.3652	0.38803166
58.139648	4833.7007	0.39224643
58.15918	4872.9878	0.39630651
58.178711	4923.7612	0.39985642
58.198242	4976.5591	0.40332371
58.217773	5012.583	0.40680501
58.237305	5059.9292	0.41111952
58.256836	5115.6294	0.41544104
58.276367	5154.5762	0.41938603
58.295898	5198.187	0.42274868
58.31543	5254.0601	0.42644542
58.334961	5295.5313	0.42998725
58.354492	5332.3784	0.43411341
58.374023	5385.7983	0.43813929
58.393555	5429.4292	0.44187084
58.413086	5462.0898	0.44502449
58.432617	5512.4888	0.44814649
58.452148	5557.6797	0.45163047
58.47168	5589.1084	0.45559034
58.491211	5633.1323	0.45926705
58.510742	5673.7173	0.46209508
58.530273	5702.8008	0.46477723
58.549805	5745.9683	0.46785352
58.569336	5794.2031	0.47129226
58.588867	5817.688	0.47470725
58.608398	5852.4727	0.47793305
58.62793	5896.4365	0.48049721
58.647461	5924.3213	0.48276141
58.666992	5950.2266	0.48509789
58.686523	5987.0132	0.48778182
58.706055	6012.9155	0.49052462
58.725586	6030.9756	0.49313784
58.745117	6063.7056	0.49495566
58.764648	6089.7358	0.49641547
58.78418	6101.9507	0.49804714
58.803711	6129.6108	0.5001629
58.823242	6157.811	0.50230402
58.842773	6163.4219	0.50406283
58.862305	6183.4551	0.50528198
58.881836	6208.4634	0.5061329
58.901367	6214.8525	0.50712878
58.920898	6222.9653	0.50854051
58.94043	6244.873	0.50979954
58.959961	6244.2842	0.51064038
58.979492	6247.0513	0.51078582
58.999023	6262.353	0.51078093
59.018555	6261.2173	0.51087058
59.038086	6249.3931	0.5114131
59.057617	6259.0981	0.51174176
59.077148	6261.1362	0.51160181
59.09668	6246.1128	0.5109027
59.116211	6246.2222	0.5102241
59.135742	6248.5313	0.50981236
59.155273	6228.416	0.50963461
59.174805	6220.7002	0.50914466
59.194336	6216.8525	0.50803733
59.213867	6190.7056	0.50618613
59.233398	6168.8486	0.5044533
59.25293	6165.9951	0.50306863
59.272461	6139.1904	0.50203514
59.291992	6112.5693	0.50068849
59.311523	6101.7793	0.49876794
59.331055	6079.3818	0.49650162
59.350586	6048.7578	0.49460661
59.370117	6032.1465	0.49284995
59.389648	6005.5762	0.49092862
59.40918	5964.8608	0.48879182
59.428711	5942.373	0.48601884
59.448242	5917.5503	0.4830147
59.467773	5870.7349	0.47988269
59.487305	5835.6445	0.47711861
59.506836	5810.166	0.4747422
59.526367	5764.7051	0.47192243
59.545898	5724.9248	0.46854344
59.56543	5700.644	0.46513355
59.584961	5652.7217	0.46166569
59.604492	5610.7354	0.4588182
59.624023	5579.6479	0.45585248
59.643555	5535.729	0.4525646
59.663086	5483.187	0.44850186
59.682617	5447.1499	0.44444546
59.702148	5405.77	0.44084805
59.72168	5352.7847	0.43767542
59.741211	5313.6265	0.43436018
59.760742	5274.0273	0.4306179
59.780273	5219.4604	0.42624232
59.799805	5174.8677	0.42208135
59.819336	5139.1421	0.41848564
59.838867	5085.3022	0.41527456
59.858398	5038.7856	0.4117389
59.87793	4999.562	0.40782991
59.897461	4950.4688	0.40348199
59.916992	4898.9414	0.39929882
59.936523	4861.7881	0.39569014
59.956055	4815.4077	0.39247882
59.975586	4762.5518	0.38883859
59.995117	4725.0371	0.38487643
60.014648	4682.689	0.38065332
60.03418	4626.9224	0.37662917
60.053711	4587.6104	0.37314099
60.073242	4550.792	0.37023765
60.092773	4499.5962	0.3669548
60.112305	4457.8887	0.36316711
60.131836	4424.3638	0.35917047
60.151367	4378.1968	0.35568243
60.170898	4334.7046	0.35269234
60.19043	4308.4697	0.34989959
60.209961	4263.3755	0.34691092
60.229492	4220.8237	0.34346446
60.249023	4193.6919	0.34001443
60.268555	4159.3525	0.33694983
60.288086	4116.7012	0.33454481
60.307617	4088.689	0.33215201
60.327148	4063.7527	0.329696
60.34668	4023.5071	0.32674697
60.366211	3999.1404	0.32386884
60.385742	3977.6985	0.32141334
60.405273	3941.1252	0.31969249
60.424805	3918.8225	0.31808877
60.444336	3906.1467	0.31627938
60.463867	3877.4165	0.31383544
60.483398	3851.5249	0.31179687
60.50293	3844.0046	0.31026185
60.522461	3823.7278	0.30935097
60.541992	3801.6941	0.30841953
60.561523	3796.7822	0.30692163
60.581055	3786.7996	0.30552548
60.600586	3767.8665	0.30471238
60.620117	3769.2219	0.30411312
60.639648	3763.8293	0.30393597
60.65918	3746.3804	0.30371255
60.678711	3746.8037	0.30323792
60.698242	3752.3079	0.30231678
60.717773	3741.0298	0.30200791
60.737305	3743.5085	0.3024472
60.756836	3756.2256	0.30308518
60.776367	3751.052	0.30365595
60.795898	3752.7178	0.30372608
60.81543	3775.5337	0.30392921
60.834961	3777.5588	0.3045752
60.854492	3781.0881	0.30577916
60.874023	3806.6143	0.30732018
60.893555	3819.0942	0.30865836
60.913086	3825.6228	0.30950445
60.932617	3853.9253	0.31064433
60.952148	3878.0608	0.31234953
60.97168	3887.144	0.31448865
60.991211	3913.3706	0.31650239
61.010742	3943.4473	0.31853658
61.030273	3959.6333	0.32030094
61.049805	3988.2083	0.32212588
61.069336	4028.0046	0.32454103
61.088867	4048.0681	0.32745433
61.108398	4072.03	0.33003521
61.12793	4115.793	0.33285081
61.147461	4145.311	0.33510712
61.166992	4175.3584	0.33771795
61.186523	4221.2759	0.34075558
61.206055	4254.4678	0.34423396
61.225586	4282.8877	0.34751371
61.245117	4329.0342	0.35060287
61.264648	4372.1045	0.3533054
61.28418	4406.8018	0.35651153
61.303711	4454.0806	0.3605848
61.323242	4504.9766	0.36463088
61.342773	4541.2207	0.36863792
61.362305	4584.3423	0.37194479
61.381836	4634.5977	0.3750878
61.401367	4670.2358	0.3782928
61.420898	4711.8354	0.38224566
61.44043	4764.4614	0.38630152
61.459961	4804.6548	0.39026463
61.479492	4844.7979	0.39365286
61.499023	4899.5942	0.39703354
61.518555	4945.6992	0.40075871
61.538086	4982.8809	0.40485966
61.557617	5033.4243	0.40910217
61.577148	5082.0898	0.41316622
61.59668	5121.1675	0.41630867
61.616211	5169.4561	0.41968256
61.635742	5223.3193	0.42364049
61.655273	5260.2144	0.42802876
61.674805	5306.0303	0.43217492
61.694336	5356.0303	0.435875
61.713867	5400.0918	0.43922126
61.733398	5440.1553	0.44251931
61.75293	5490.0562	0.44621572
61.772461	5529.48	0.45006043
61.791992	5563.3491	0.45380133
61.811523	5612.1909	0.45713776
61.831055	5649.4629	0.45994455
61.850586	5681.6831	0.46283829
61.870117	5727.9863	0.46610957
61.889648	5768.7324	0.46991521
61.90918	5794.2749	0.4732213
61.928711	5831.6372	0.47588232
61.948242	5874.2319	0.47823334
61.967773	5898.6973	0.4806864
61.987305	5931.7354	0.48365021
62.006836	5970.4604	0.48676658
62.026367	5988.0078	0.48945796
62.045898	6015.8955	0.49148354
62.06543	6052.0845	0.49304229
62.084961	6072.6133	0.49499962
62.104492	6092.5674	0.49749625
62.124023	6126.6797	0.50003731
62.143555	6146.0063	0.50200272
62.163086	6157.0596	0.50333267
62.182617	6181.7837	0.5042302
62.202148	6198.5576	0.50543422
62.22168	6198.7568	0.50690448
62.241211	6220.7056	0.50848734
62.260742	6237.4082	0.50954807
62.280273	6234.5918	0.50992483
62.299805	6242.7266	0.51003015
62.319336	6261.2656	0.5104776
62.338867	6253.9229	0.51132393
62.358398	6252.2192	0.51196998
62.37793	6265.8013	0.51210028
62.397461	6258.6689	0.51148057
62.416992	6249.2178	0.51096761
62.436523	6257.8394	0.51073194
62.456055	6245.333	0.51053888
62.475586	6223.6025	0.50987774
62.495117	6224.5293	0.50912869
62.514648	6214.875	0.50750887
62.53418	6192.6772	0.50624841
62.553711	6186.9766	0.5054974
62.573242	6177.4844	0.50481373
62.592773	6149.5366	0.50371563
62.612305	6132.9116	0.50187367
62.631836	6121.1919	0.49979031
62.651367	6089.1924	0.49755895
62.670898	6061.4912	0.4958472
62.69043	6046.9531	0.49417022
62.709961	6015.8252	0.49228853
62.729492	5981.5508	0.48981532
62.749023	5961.0205	0.48688775
62.768555	5929.4185	0.48406944
62.788086	5888.9614	0.48193437
62.807617	5866.5815	0.4797031
62.827148	5832.1558	0.47717386
62.84668	5788.1899	0.47366366
62.866211	5756.915	0.47034389
62.885742	5728.585	0.46721134
62.905273	5678.645	0.46448946
62.924805	5640.5342	0.46153271
62.944336	5608.8887	0.45843202
62.963867	5561.5757	0.45470986
62.983398	5517.5635	0.45084313
63.00293	5481.7627	0.44694546
63.022461	5433.6851	0.44387552
63.041992	5385.0576	0.44071084
63.061523	5351.9131	0.43709847
63.081055	5306.5586	0.43296641
63.100586	5253.4038	0.42891118
63.120117	5216.0371	0.42516297
63.139648	5170.9536	0.42187575
63.15918	5117.189	0.41829962
63.178711	5074.0439	0.41444504
63.198242	5034.167	0.41007873
63.217773	4980.8062	0.40611291
63.237305	4934.7012	0.40231967
63.256836	4895.1655	0.39886758
63.276367	4839.8472	0.39523339
63.295898	4791.811	0.39107263
63.31543	4757.584	0.38707915
63.334961	4706.917	0.38287091
63.354492	4654.5156	0.37928763
63.374023	4617.5645	0.37603307
63.393555	4574.6338	0.37277761
63.413086	4523.0645	0.36873496
63.432617	4489.4375	0.36477032
63.452148	4449.1929	0.36113429
63.47168	4399.8896	0.35811785
63.491211	4366.6006	0.35524425
63.510742	4332.7559	0.35221666
63.530273	4283.5615	0.34857178
63.549805	4247.8364	0.34496033
63.569336	4220.7515	0.34174469
63.588867	4176	0.33932045
63.608398	4140.9409	0.33678815
63.62793	4116.1479	0.33407477
63.647461	4081.3303	0.33104911
63.666992	4045.2815	0.32809055
63.686523	4025.3945	0.32560211
63.706055	3994.9854	0.32360512
63.725586	3956.792	0.32155651
63.745117	3940.4055	0.31955588
63.764648	3920.3105	0.31702775
63.78418	3888.9346	0.31489396
63.803711	3871.0925	0.31308457
63.823242	3857.5867	0.31185523
63.842773	3828.7502	0.31062779
63.862305	3813.6052	0.30895677
63.881836	3810.4766	0.30739146
63.901367	3787.0925	0.30582482
63.920898	3770.7642	0.3050175
63.94043	3774.439	0.30471143
63.959961	3760.8684	0.30412635
63.979492	3748.1123	0.30341798
63.999023	3753.0569	0.30259222
64.018555	3749.0083	0.30212384
64.038086	3734.2813	0.30193684
64.057617	3741.7908	0.30228198
64.077148	3749.4558	0.30268541
64.09668	3739.5291	0.30263996
64.116211	3751.4292	0.3025991
64.135742	3767.3474	0.30287623
64.155273	3762.8535	0.30392435
64.174805	3773.8345	0.30525547
64.194336	3797.3799	0.30643991
64.213867	3803.4729	0.30716383
64.233398	3815.2556	0.30797946
64.25293	3845.4534	0.3093257
64.272461	3856.5166	0.31130445
64.291992	3868.9524	0.31338814
64.311523	3900.7769	0.31507111
64.331055	3924.6519	0.31636471
64.350586	3938.323	0.31813323
64.370117	3970.9487	0.32009846
64.389648	4001.7505	0.3229582
64.40918	4018.1885	0.32548946
64.428711	4052.9055	0.32796606
64.448242	4089.1069	0.32991868
64.467773	4112.7041	0.33228859
64.487305	4150.1436	0.33530408
64.506836	4194.8364	0.33891898
64.526367	4221.189	0.3420113
64.545898	4254.6655	0.34494445
64.56543	4303.3789	0.34746605
64.584961	4339.5596	0.35055894
64.604492	4373.9722	0.35422769
64.624023	4421.5234	0.35809812
64.643555	4463.2197	0.361761
64.663086	4499.2476	0.36491945
64.682617	4549.9688	0.36820266
64.702148	4595.1821	0.37142891
64.72168	4628.2583	0.37531918
64.741211	4678.6636	0.37945175
64.760742	4727.772	0.38336125
64.780273	4766.0176	0.38671935
64.799805	4811.6387	0.39003915
64.819336	4863.6348	0.39380983
64.838867	4905.7524	0.39805862
64.858398	4949.2041	0.40245521
64.87793	5003.9053	0.4063639
64.897461	5045.6128	0.40976283
64.916992	5085.9531	0.41327423
64.936523	5142.4771	0.41705823
64.956055	5184.9204	0.42110118
64.975586	5223.356	0.42528656
64.995117	5277.2832	0.42942512
65.014648	5325.3115	0.43278068
65.03418	5362.1616	0.43629915
65.053711	5411.0928	0.43984956
65.073242	5457.3052	0.44386688
65.092773	5491.0156	0.44779566
65.112305	5535.7432	0.4511472
65.131836	5586.2231	0.45415932
65.151367	5619.9766	0.45722517
65.170898	5658.7212	0.46090543
65.19043	5704.855	0.46459025
65.209961	5739.2725	0.46802476
65.229492	5769.917	0.47092915
65.249023	5813.5034	0.47338796
65.268555	5848.0884	0.47623101
65.288086	5876.7354	0.479321
65.307617	5916.0459	0.48250678
65.327148	5951.1577	0.48533911
65.34668	5969.3965	0.48757729
65.366211	6004.5674	0.48952657
65.385742	6040.8906	0.49181089
65.405273	6056.6582	0.49424887
65.424805	6081.1377	0.49671945
65.444336	6109.9932	0.49879205
65.463867	6125.04	0.50021124
65.483398	6140.8311	0.50136042
65.50293	6171.7134	0.5026927
65.522461	6180.9683	0.50469691
65.541992	6190.1035	0.50648952
65.561523	6213.7095	0.50761914
65.581055	6224.6006	0.50806302
65.600586	6223.9106	0.50859284
65.620117	6242.6372	0.5093829
65.639648	6252.1953	0.51046115
65.65918	6242.7549	0.51111782
65.678711	6255.8379	0.51154619
65.698242	6266.376	0.51136959
65.717773	6253.626	0.51119912
65.737305	6253.751	0.51120263
65.756836	6263.998	0.51148367
65.776367	6248.2041	0.51140779
65.795898	6239.2515	0.51104927
65.81543	6242.8413	0.50973976
65.834961	6223.708	0.50845987
65.854492	6207.0791	0.50760269
65.874023	6205.1934	0.5070138
65.893555	6186.98	0.50610363
65.913086	6159.7852	0.50458753
65.932617	6151.8438	0.50254297
65.952148	6135.0801	0.50063759
65.97168	6102.6802	0.49934027
65.991211	6087.6733	0.49801004
66.010742	6068.2407	0.4962984
66.030273	6031.8501	0.49375561
66.049805	6007.0352	0.49097943
66.069336	5988.1743	0.48852381
66.088867	5949.1284	0.48634145
66.108398	5914.9531	0.48413497
66.12793	5891.8228	0.48174527
66.147461	5853.0229	0.4785462
66.166992	5812.7832	0.47531846
66.186523	5789.415	0.4724972
66.206055	5749.3506	0.46977803
66.225586	5703.3657	0.46709719
66.245117	5670.48	0.46373084
66.264648	5633.3599	0.46007875
66.28418	5582.1875	0.45626146
66.303711	5548.4517	0.45313063
66.323242	5509.0781	0.44974938
66.342773	5460.875	0.44683331
66.362305	5420.7202	0.44337854
66.381836	5386.5981	0.43932381
66.401367	5332.3555	0.43524596
66.420898	5282.4966	0.4313097
66.44043	5244.3911	0.4279716
66.459961	5195.0493	0.42439234
66.479492	5143.0645	0.42048675
66.499023	5109.1206	0.4162164
66.518555	5061.4224	0.41231993
66.538086	5003.9995	0.40838185
66.557617	4963.5513	0.40486589
66.577148	4918.9688	0.40124136
66.59668	4867.0327	0.39722589
66.616211	4824.0728	0.39299852
66.635742	4784.4092	0.38895035
66.655273	4731.0557	0.38539135
66.674805	4686.1577	0.38216415
66.694336	4652.4136	0.37871826
66.713867	4600.7241	0.37490654
66.733398	4555.501	0.37086996
66.75293	4522.9121	0.36691147
66.772461	4476.7998	0.36394733
66.791992	4427.5239	0.36097628
66.811523	4393.9453	0.35756326
66.831055	4356.0952	0.35386291
66.850586	4310.8931	0.35040951
66.870117	4279.6426	0.34705651
66.889648	4244.6421	0.3444491
66.90918	4200.2847	0.34172672
66.928711	4168.0029	0.3389205
66.948242	4141.8867	0.33552557
66.967773	4099.5615	0.3324208
66.987305	4066.7585	0.32976604
67.006836	4043.3489	0.3275578
67.026367	4008.926	0.32536331
67.045898	3978.0378	0.3229894
67.06543	3959.6926	0.32031745
67.084961	3930.9343	0.31793386
67.104492	3902.9082	0.31605589
67.124023	3891.4946	0.31474438
67.143555	3868.1157	0.31333387
67.163086	3835.8938	0.3114408
67.182617	3828.0393	0.30944362
67.202148	3818.718	0.30789784
67.22168	3791.168	0.30676091
67.241211	3782.988	0.30608323
67.260742	3779.0769	0.30542943
67.280273	3759.0168	0.30427119
67.299805	3752.6125	0.30320641
67.319336	3756.866	0.30242059
67.338867	3743.1685	0.30224174
67.358398	3735.2278	0.30244127
67.37793	3747.1997	0.30257764
67.397461	3743.2141	0.30227092
67.416992	3735.5708	0.30188593
67.436523	3751.0459	0.30200315
67.456055	3757.5024	0.30284369
67.475586	3750.4714	0.30384386
67.495117	3769.9082	0.30467328
67.514648	3785.6487	0.30518588
67.53418	3787.7607	0.30582774
67.553711	3807.3362	0.30701312
67.573242	3830.5737	0.30864626
67.592773	3839.4829	0.31071383
67.612305	3858.0576	0.31246039
67.631836	3890.5508	0.31360161
67.651367	3905.3352	0.31502944
67.670898	3925.1265	0.31697768
67.69043	3960.8066	0.31946969
67.709961	3981.1948	0.32194114
67.729492	4003.4646	0.32428825
67.749023	4043.2744	0.3261992
67.768555	4073.6023	0.32849178
67.788086	4094.0408	0.33118904
67.807617	4134.021	0.33426225
67.827148	4171.9731	0.33731166
67.84668	4198.6997	0.34009185
67.866211	4238.3101	0.34275824
67.885742	4282.7314	0.34566516
67.905273	4310.7432	0.34886342
67.924805	4350.6104	0.3525992
67.944336	4399.3667	0.35619354
67.963867	4432.9121	0.3593927
67.983398	4471.335	0.36237925
68.00293	4522.0405	0.36536872
68.022461	4561.3306	0.3693819
68.041992	4598.0347	0.37332302
68.061523	4650.1152	0.37728477
68.081055	4696.769	0.38056645
68.100586	4732.0894	0.38378841
68.120117	4786.8872	0.38751367
68.139648	4833.6738	0.39164886
68.15918	4873.1465	0.3959989
68.178711	4925.9004	0.40038511
68.198242	4979.1787	0.40376368
68.217773	5017.1602	0.40738881
68.237305	5067.5562	0.41121975
68.256836	5120.4844	0.41569835
68.276367	5158.0698	0.41979539
68.295898	5199.8154	0.42349929
68.31543	5254.7744	0.42678255
68.334961	5295.5308	0.43030012
68.354492	5335.7964	0.43402734
68.374023	5387.6646	0.43830755
68.393555	5430.4189	0.44215113
68.413086	5464.7114	0.44564751
68.432617	5513.7583	0.44872192
68.452148	5561.2285	0.45188022
68.47168	5591.7456	0.45545515
68.491211	5635.7446	0.45930976
68.510742	5679.6904	0.4627853
68.530273	5708.395	0.46583652
68.549805	5748.6616	0.46853754
68.569336	5794.6123	0.47129518
68.588867	5824.332	0.47451311
68.608398	5853.7886	0.4778595
68.62793	5899.6743	0.48107809
68.647461	5924.3423	0.48348171
68.666992	5950.6797	0.48546463
68.686523	5987.4272	0.48772213
68.706055	6013.1182	0.49020943
68.725586	6033.2202	0.49307603
68.745117	6067.1523	0.4954353
68.764648	6092.8433	0.49709445
68.78418	6104.9126	0.49854127
68.803711	6133.2866	0.50027776
68.823242	6159.8438	0.50248349
68.842773	6168.4351	0.50440979
68.862305	6183.1099	0.5058623
68.881836	6205.1304	0.50652909
68.901367	6208.4858	0.50710392
68.920898	6219.103	0.50798982
68.94043	6240.8853	0.50930899
68.959961	6243.7344	0.51059592
68.979492	6241.1597	0.51111889
68.999023	6260.2456	0.51107836
69.018555	6260.2236	0.51106668
69.038086	6249.5122	0.51112831
69.057617	6259.0977	0.5116877
69.077148	6263.6953	0.51202667
69.09668	6247.0601	0.51169729
69.116211	6248.7622	0.5108816
69.135742	6249.4604	0.51005042
69.155273	6227.8774	0.50942832
69.174805	6217.8101	0.50903451
69.194336	6217.5825	0.50836062
69.213867	6193.0811	0.50698811
69.233398	6175.3018	0.50534475
69.25293	6168.9053	0.50342107
69.272461	6143.8721	0.50226462
69.291992	6120.6045	0.50122452
69.311523	6108.6782	0.49966562
69.331055	6081.6836	0.49751642
69.350586	6047.2476	0.49495125
69.370117	6032.2881	0.49253279
69.389648	6007.2324	0.4906674
69.40918	5964.0029	0.48858798
69.428711	5940.0332	0.4863207
69.448242	5918.1929	0.48352337
69.467773	5874.5518	0.4804073
69.487305	5843.7192	0.47750548
69.506836	5816.1099	0.47506335
69.526367	5771.8003	0.47253895
69.545898	5730.1899	0.46951222
69.56543	5703.2202	0.46569246
69.584961	5656.0146	0.46198025
69.604492	5610.8843	0.45862839
69.624023	5582.5786	0.45578367
69.643555	5539.0112	0.45282614
69.663086	5489.5835	0.44939578
69.682617	5453.7803	0.44531015
69.702148	5411.3633	0.44126275
69.72168	5361.4951	0.43781447
69.741211	5319.6382	0.4346751
69.760742	5279.4448	0.43104902
69.780273	5224.7617	0.42721975
69.799805	5180.0703	0.42276794
69.819336	5142.8447	0.41869256
69.838867	5090.4219	0.41492102
69.858398	5039.3008	0.41159904
69.87793	5000.79	0.40800306
69.897461	4952.2935	0.4040204
69.916992	4901.1523	0.39976987
69.936523	4864.1885	0.39564583
69.956055	4818.8867	0.39210778
69.975586	4764.4233	0.38891613
69.995117	4726.2051	0.38547003
70.014648	4681.75	0.38116065
70.03418	4628.4805	0.37687516
70.053711	4588.3135	0.37303698
70.073242	4549.5537	0.36983395
70.092773	4497.7354	0.36648506
70.112305	4456.4312	0.36317661
70.131836	4423.0088	0.35932779
70.151367	4372.2676	0.35531646
70.170898	4330.7275	0.3518827
70.19043	4301.6177	0.34906906
70.209961	4263.1816	0.34657848
70.229492	4220.144	0.34376025
70.249023	4192.7153	0.34032479
70.268555	4158.9575	0.33687735
70.288086	4114.2856	0.33400273
70.307617	4086.3828	0.33129153
70.327148	4058.5627	0.32914108
70.34668	4019.3921	0.32683879
70.366211	3998.6536	0.32406026
70.385742	3977.6948	0.3214598
70.405273	3944.1233	0.31924027
70.424805	3919.1675	0.31784552
70.444336	3907.9919	0.31629109
70.463867	3874.8799	0.3144502
70.483398	3852.8096	0.31212014
70.50293	3843.698	0.31030256
70.522461	3823.0029	0.30886388
70.541992	3800.0823	0.30805141
70.561523	3799.8477	0.30731642
70.581055	3783.9919	0.30601126
70.600586	3764.4697	0.30463672
70.620117	3762.01	0.30354154
70.639648	3759.5271	0.30308363
70.65918	3739.373	0.30290031
70.678711	3738.8708	0.30264857

Data Acquisition						Time:	70.694336	s	2/8/2024 3:06:38 PM
Time	Ch 1 Force	Bolt
s	N	V
70.6875	6269.2051	0.51225203
37.364258	3730.0168	0.30141747
