MTS793|MPT|ENU|1|2|.|/|:|1|0|0|A

Data Acquisition						Time:	57.398438	s	2/8/2024 2:41:45 PM
Time	Ch 1 Force	Bolt
s	N	V
37.415039	3756.7224	0.41079289
37.43457	3760.8967	0.41126165
37.454102	3748.0977	0.41177973
37.473633	3759.2505	0.41192445
37.493164	3774.3582	0.41153926
37.512695	3770.1475	0.41120383
37.532227	3784.7671	0.41122991
37.551758	3807.2419	0.41186649
37.571289	3806.7493	0.41241193
37.59082	3818.2664	0.41264266
37.610352	3850.0291	0.41225788
37.629883	3860.3267	0.41216925
37.649414	3873.0847	0.41248196
37.668945	3907.0215	0.41319281
37.688477	3928.5574	0.41385296
37.708008	3941.4426	0.41392627
37.727539	3977.8159	0.41381323
37.74707	4005.2944	0.41376978
37.766602	4020.8469	0.41422871
37.786133	4058.7493	0.4151876
37.805664	4098.4502	0.41590172
37.825195	4118.6157	0.41608071
37.844727	4152.0278	0.4159936
37.864258	4196.1919	0.41622415
37.883789	4221.7158	0.41694349
37.90332	4257.8438	0.41786402
37.922852	4305.5352	0.41864979
37.942383	4336.0234	0.41882846
37.961914	4369.1191	0.41890311
37.981445	4421.959	0.41926894
38.000977	4461.7393	0.42017448
38.020508	4490.6191	0.42124873
38.040039	4543.2861	0.42196172
38.05957	4588.9995	0.42217299
38.079102	4623.4736	0.42251316
38.098633	4675.0142	0.42309317
38.118164	4722.4497	0.42421702
38.137695	4755.6836	0.42537123
38.157227	4805.8706	0.42620751
38.176758	4858.9268	0.42649907
38.196289	4894.6455	0.42689234
38.21582	4939.1333	0.42778414
38.235352	4994.7778	0.42929259
38.254883	5033.1157	0.43073389
38.274414	5073.6899	0.43176764
38.293945	5126.9146	0.43242192
38.313477	5169.4282	0.43338382
38.333008	5206.7178	0.4348734
38.352539	5253.501	0.43761736
38.37207	5292.623	0.44078293
38.391602	5327.6958	0.44401163
38.411133	5376.9692	0.44693756
38.430664	5425.9688	0.44999164
38.450195	5461.1719	0.45352954
38.469727	5503.9346	0.45739812
38.489258	5551.3359	0.46104726
38.508789	5588.2344	0.46422261
38.52832	5629.1934	0.46708208
38.547852	5676.7617	0.4700492
38.567383	5705.1357	0.47339165
38.586914	5740.8457	0.47682405
38.606445	5784.1152	0.48000926
38.625977	5819.8418	0.4826141
38.645508	5847.8936	0.48490757
38.665039	5889.0562	0.48738971
38.68457	5922.769	0.49041328
38.704102	5945.9077	0.49347427
38.723633	5981.501	0.49604174
38.743164	6012.3906	0.49786001
38.762695	6029.7954	0.49959695
38.782227	6059.6221	0.50142807
38.801758	6089.3608	0.50384402
38.821289	6104.7031	0.50605005
38.84082	6122.5381	0.50786197
38.860352	6150.7461	0.50905049
38.879883	6164.4609	0.51013666
38.899414	6176.6738	0.5114758
38.918945	6201.5815	0.51321411
38.938477	6210.3374	0.51455873
38.958008	6212.8101	0.51549751
38.977539	6231.5166	0.5159049
38.99707	6241.9937	0.51615977
39.016602	6239.2959	0.51693249
39.036133	6249.0562	0.5178107
39.055664	6258.291	0.51842004
39.075195	6249.0684	0.51849008
39.094727	6252.1885	0.51792163
39.114258	6257.8384	0.51759875
39.133789	6245.6172	0.51759464
39.15332	6239.6045	0.51768017
39.172852	6243.6147	0.51739514
39.192383	6225.9463	0.51651514
39.211914	6210.8647	0.5152204
39.231445	6208.9063	0.51401401
39.250977	6192.5645	0.5131433
39.270508	6169.7593	0.51243901
39.290039	6159.0654	0.51127112
39.30957	6141.0879	0.50954419
39.329102	6111.3472	0.50743651
39.348633	6095.3486	0.50558811
39.368164	6078.1792	0.50407881
39.387695	6042.6411	0.50257069
39.407227	6020.3926	0.50062901
39.426758	5999.3071	0.49802846
39.446289	5965.0347	0.49537387
39.46582	5934.8242	0.4929173
39.485352	5910.2651	0.49102935
39.504883	5872.104	0.48873362
39.524414	5835.3169	0.48614356
39.543945	5809.6958	0.48291397
39.563477	5769.5586	0.4796901
39.583008	5726.4644	0.4766542
39.602539	5694.2998	0.47414795
39.62207	5657.6392	0.47146815
39.641602	5612.1118	0.46830088
39.661133	5573.4165	0.46451956
39.680664	5536.981	0.46092853
39.700195	5486.4561	0.45767066
39.719727	5446.0469	0.45479786
39.739258	5409.4946	0.45169592
39.758789	5358.2476	0.44827092
39.77832	5313.6289	0.44441748
39.797852	5278.8062	0.44071737
39.817383	5229.1812	0.43731824
39.836914	5170.7461	0.43464887
39.856445	5125.3228	0.4330866
39.875977	5075.2378	0.43145332
39.895508	5019.8477	0.42977536
39.915039	4982.7788	0.42839336
39.93457	4938.1362	0.42770115
39.954102	4881.5532	0.42723313
39.973633	4841.6465	0.42659473
39.993164	4802.0664	0.42544428
40.012695	4746.7881	0.42428625
40.032227	4702.8857	0.42327347
40.051758	4668.231	0.42301503
40.071289	4616.8472	0.4228228
40.09082	4570.5938	0.42232382
40.110352	4539.1602	0.4212907
40.129883	4486.2305	0.42031544
40.149414	4440.6206	0.41956007
40.168945	4411.8877	0.41946787
40.188477	4369.3452	0.41940984
40.208008	4319.374	0.41890669
40.227539	4288.1367	0.41790986
40.24707	4251.9326	0.41702318
40.266602	4204.4961	0.41648996
40.286133	4178.6831	0.41656107
40.305664	4148.624	0.41651908
40.325195	4102.5991	0.41585132
40.344727	4075.9788	0.41512015
40.364258	4057.1223	0.41449302
40.383789	4019.9619	0.41418827
40.40332	3985.323	0.41426492
40.422852	3972.8608	0.41437668
40.442383	3939.7124	0.41388321
40.461914	3910.6409	0.41310999
40.481445	3900.6563	0.41255102
40.500977	3875.7593	0.41245615
40.520508	3846.2764	0.41277844
40.540039	3839.6987	0.41280624
40.55957	3828.3281	0.41240597
40.579102	3799.6292	0.41174901
40.598633	3795.2734	0.41128194
40.618164	3791.8438	0.4114843
40.637695	3769.376	0.4118315
40.657227	3763.6731	0.41197723
40.676758	3766.9009	0.41155231
40.696289	3750.2163	0.41102201
40.71582	3743.4736	0.41084751
40.735352	3757.3279	0.41117507
40.754883	3749.9119	0.41163868
40.774414	3742.6616	0.41183636
40.793945	3760.0286	0.4114342
40.813477	3763.064	0.41106379
40.833008	3758.2668	0.4110584
40.852539	3776.6423	0.4116067
40.87207	3791.0349	0.41209579
40.891602	3790.1917	0.41241366
40.911133	3814.8049	0.41200548
40.930664	3837.6191	0.411908
40.950195	3839.9207	0.41204172
40.969727	3860.5225	0.41281077
40.989258	3893.062	0.41338032
41.008789	3903.8931	0.41368467
41.02832	3924.3533	0.41338834
41.047852	3961.7017	0.41331413
41.067383	3979.1287	0.4137603
41.086914	4001.7239	0.41455847
41.106445	4043.2173	0.41527766
41.125977	4069.6682	0.41544014
41.145508	4090.8853	0.41528207
41.165039	4135.0068	0.41536993
41.18457	4171.0601	0.4160341
41.204102	4193.6704	0.41707233
41.223633	4234.9355	0.41779175
41.243164	4276.8364	0.41799557
41.262695	4304.4106	0.41807356
41.282227	4347.5498	0.41831273
41.301758	4394.7949	0.41919607
41.321289	4424.0283	0.42021906
41.34082	4462.7061	0.42098048
41.360352	4519.105	0.42122439
41.379883	4555.542	0.42134738
41.399414	4592.1099	0.42182341
41.418945	4644.2593	0.42291653
41.438477	4689.8496	0.42418924
41.458008	4724.6172	0.42498174
41.477539	4777.7402	0.42524147
41.49707	4821.8794	0.42559385
41.516602	4857.1792	0.42627579
41.536133	4910.5859	0.42756796
41.555664	4964.3154	0.42898995
41.575195	4997.0342	0.42999777
41.594727	5044.0029	0.4305234
41.614258	5099.2378	0.43137279
41.633789	5136.0298	0.43250903
41.65332	5178.9053	0.43427992
41.672852	5229.459	0.43631938
41.692383	5261.7949	0.43866682
41.711914	5296.1699	0.44139668
41.731445	5348.9067	0.44449914
41.750977	5391.6055	0.44799292
41.770508	5429.3442	0.45174542
41.790039	5477.7964	0.45553628
41.80957	5522.0391	0.45876071
41.829102	5555.9697	0.46146768
41.848633	5600.0137	0.4644863
41.868164	5646.2417	0.46786636
41.887695	5677.6514	0.47156063
41.907227	5717.8672	0.47494084
41.926758	5761.377	0.4776125
41.946289	5789.9443	0.48015758
41.96582	5825.7314	0.48261327
41.985352	5867.3696	0.48566076
42.004883	5894.0518	0.48887247
42.024414	5922.3022	0.49166387
42.043945	5959.4326	0.49372926
42.063477	5987.4067	0.49579239
42.083008	6008.4453	0.49783969
42.102539	6042.7671	0.50026113
42.12207	6068.1348	0.5025444
42.141602	6082.2378	0.50481403
42.161133	6111.5366	0.50610816
42.180664	6137.438	0.50757277
42.200195	6149.2231	0.50908858
42.219727	6170.2031	0.51100886
42.239258	6190.7363	0.51272124
42.258789	6197.3569	0.51404423
42.27832	6206.2788	0.51441777
42.297852	6229.3403	0.5150252
42.317383	6230.7192	0.51576203
42.336914	6233.9604	0.51693279
42.356445	6249.6323	0.51775026
42.375977	6251.6387	0.51808357
42.395508	6246.1182	0.5178169
42.415039	6255.7998	0.51762646
42.43457	6257.0479	0.51774156
42.454102	6244.5278	0.51818132
42.473633	6248.0098	0.51819551
42.493164	6248.1108	0.51771289
42.512695	6228.7275	0.51676583
42.532227	6223.2012	0.51570374
42.551758	6221.4878	0.51506037
42.571289	6198.0107	0.51453662
42.59082	6182.6675	0.51357651
42.610352	6175.6704	0.512178
42.629883	6151.6938	0.51018375
42.649414	6129.7612	0.50849342
42.668945	6117.8911	0.50715238
42.688477	6091.042	0.50586754
42.708008	6059.7612	0.50427878
42.727539	6043.6377	0.50184995
42.74707	6018.9614	0.49943352
42.766602	5981.9951	0.49692458
42.786133	5958.0156	0.49493834
42.805664	5932.4985	0.49300402
42.825195	5891.8511	0.49061805
42.844727	5860.5464	0.48759127
42.864258	5834.1812	0.48443484
42.883789	5791.4727	0.4815717
42.90332	5753.9028	0.47916132
42.922852	5723.9185	0.47664705
42.942383	5682.2017	0.47368711
42.961914	5638.2446	0.47011229
42.981445	5606.1636	0.46641752
43.000977	5564.2793	0.46322048
43.020508	5516.2344	0.46038699
43.040039	5480.1743	0.45736346
43.05957	5436.2456	0.45396274
43.079102	5385.7119	0.45011774
43.098633	5346.5698	0.44630301
43.118164	5307.7603	0.44293657
43.137695	5255.7295	0.43989176
43.157227	5208.7051	0.43676263
43.176758	5160.6577	0.43392512
43.196289	5103.1631	0.43183899
43.21582	5055.9897	0.4302702
43.235352	5017.5488	0.42925939
43.254883	4964.2827	0.42870793
43.274414	4912.5688	0.42803115
43.293945	4878.4888	0.42691135
43.313477	4829.7329	0.42561066
43.333008	4771.8887	0.42451614
43.352539	4736.4517	0.42399395
43.37207	4692.3687	0.42373899
43.391602	4636.9614	0.42335725
43.411133	4600.2466	0.4222919
43.430664	4562.3896	0.42126206
43.450195	4509.2319	0.42043361
43.469727	4469.7739	0.42027158
43.489258	4439.1172	0.42016268
43.508789	4386.8799	0.41972911
43.52832	4345.6426	0.41875148
43.547852	4321.4302	0.41779512
43.567383	4276.1812	0.41722113
43.586914	4233.5811	0.41727468
43.606445	4207.0479	0.41711256
43.625977	4165.834	0.41678879
43.645508	4124.3013	0.41584551
43.665039	4104.6333	0.41506964
43.68457	4073.9412	0.41464806
43.704102	4030.9863	0.41485876
43.723633	4010.9924	0.4148683
43.743164	3990.9661	0.41434106
43.762695	3950.7925	0.41359675
43.782227	3930.3118	0.41297528
43.801758	3916.2847	0.41279298
43.821289	3884.9111	0.41309929
43.84082	3862.7107	0.41317704
43.860352	3857.5352	0.41279554
43.879883	3832.2344	0.41214183
43.899414	3808.2129	0.41165507
43.918945	3810.9263	0.41170555
43.938477	3794.7053	0.41204509
43.958008	3771.5422	0.4121336
43.977539	3773.1846	0.41174981
43.99707	3769.8923	0.41111958
44.016602	3751.8423	0.410907
44.036133	3755.312	0.41115081
44.055664	3759.6006	0.41169059
44.075195	3744.9202	0.41177487
44.094727	3748.7009	0.41149288
44.114258	3764.3345	0.41109237
44.133789	3755.811	0.41085732
44.15332	3756.9951	0.41142729
44.172852	3777.6895	0.41181532
44.192383	3779.0833	0.4121035
44.211914	3784.7805	0.41177723
44.231445	3809.4255	0.41153449
44.250977	3822.2966	0.41164115
44.270508	3824.8445	0.41224492
44.290039	3857.3716	0.41283566
44.30957	3878.0447	0.41309181
44.329102	3884.9639	0.41289672
44.348633	3914.9939	0.41274703
44.368164	3946.1177	0.41318911
44.387695	3958.3281	0.41386437
44.407227	3986.8098	0.41465288
44.426758	4024.3464	0.41487479
44.446289	4043.417	0.41473046
44.46582	4073.4092	0.41480038
44.485352	4118.1284	0.41526881
44.504883	4141.9629	0.4161855
44.524414	4166.748	0.41689935
44.543945	4215.585	0.41713837
44.563477	4250.3721	0.41708964
44.583008	4278.1479	0.41742325
44.602539	4326.9199	0.41817814
44.62207	4363.918	0.41911501
44.641602	4393.8081	0.41998357
44.661133	4442.96	0.42028186
44.680664	4489.5425	0.42042416
44.700195	4519.6543	0.42079881
44.719727	4564.6265	0.4217574
44.739258	4619.916	0.4228034
44.758789	4653.9775	0.42370945
44.77832	4694.4683	0.42401785
44.797852	4747.8311	0.42435718
44.817383	4788.4038	0.42487669
44.836914	4831.7632	0.4260546
44.856445	4889.0493	0.42733788
44.875977	4931.3447	0.42843735
44.895508	4965.6182	0.42880958
44.915039	5018.8428	0.42949256
44.93457	5066.6211	0.43037087
44.954102	5104.3794	0.4320479
44.973633	5152.2231	0.43372723
44.993164	5202.335	0.43522936
45.012695	5233.2026	0.43655589
45.032227	5274.1157	0.43882227
45.051758	5322.1982	0.44207764
45.071289	5358.5776	0.44595116
45.09082	5402.6646	0.44988748
45.110352	5453.6147	0.45325455
45.129883	5492.4424	0.45602065
45.149414	5529.5649	0.45904961
45.168945	5578.2505	0.46253568
45.188477	5617.1069	0.46626046
45.208008	5650.1636	0.46964023
45.227539	5697.064	0.47254071
45.24707	5734.8423	0.47521514
45.266602	5765.1343	0.47799629
45.286133	5806.2622	0.48117521
45.305664	5845.4937	0.48445588
45.325195	5870.6426	0.48747149
45.344727	5905.5884	0.48975128
45.364258	5942.6914	0.49173191
45.383789	5965.7651	0.49412337
45.40332	5994.7759	0.4966346
45.422852	6028.2734	0.49931097
45.442383	6049.5659	0.50167286
45.461914	6069.8608	0.50319898
45.481445	6102.9595	0.50469017
45.500977	6121.2813	0.50628835
45.520508	6131.7573	0.50835854
45.540039	6160.2275	0.51019591
45.55957	6176.7056	0.51184779
45.579102	6185.02	0.51262069
45.598633	6204.4229	0.51343644
45.618164	6218.8008	0.51423365
45.637695	6218.9307	0.51556921
45.657227	6231.71	0.51662594
45.676758	6247.7397	0.51732516
45.696289	6243.6694	0.51725173
45.71582	6245.063	0.51730686
45.735352	6257.8857	0.51747626
45.754883	6253.4097	0.51817799
45.774414	6245.6602	0.51847744
45.793945	6253.2144	0.51813352
45.813477	6245.6533	0.51743531
45.833008	6231.478	0.51669312
45.852539	6233.6611	0.51632309
45.87207	6224.5576	0.51578891
45.891602	6200.9302	0.51520872
45.911133	6195.1885	0.51400483
45.930664	6185.2539	0.5122894
45.950195	6159.9536	0.51074213
45.969727	6144.6792	0.50962591
45.989258	6130.708	0.50872028
46.008789	6100.4272	0.5071913
46.02832	6077.3164	0.50498462
46.047852	6063.2256	0.50254118
46.067383	6028.8145	0.50021785
46.086914	6000.3032	0.49852884
46.106445	5980.2036	0.49682793
46.125977	5949.5923	0.49464244
46.145508	5909.9673	0.49173146
46.165039	5884.1719	0.48869044
46.18457	5852.4072	0.48589772
46.204102	5811.5903	0.48354018
46.223633	5780.9346	0.48116726
46.243164	5746.7974	0.47835198
46.262695	5700.3452	0.4750419
46.282227	5665.6797	0.47146243
46.301758	5633.1758	0.46831125
46.321289	5585.9849	0.4655284
46.34082	5540.668	0.46257114
46.360352	5507.9551	0.45933768
46.379883	5460.7886	0.45549035
46.399414	5415.5034	0.45186538
46.418945	5379.7271	0.44845068
46.438477	5330.9888	0.44556105
46.458008	5281.7549	0.44238639
46.477539	5243.8901	0.43881896
46.49707	5196.6372	0.43485406
46.516602	5132.2437	0.43239799
46.536133	5088.5669	0.43111646
46.555664	5046.29	0.43042266
46.575195	4989.6084	0.42956799
46.594727	4943.4604	0.42840865
46.614258	4905.2603	0.42679086
46.633789	4848.4302	0.42577451
46.65332	4803.0698	0.42532757
46.672852	4770.3809	0.4249835
46.692383	4717.4302	0.4244782
46.711914	4664.9233	0.42356756
46.731445	4634.6128	0.42238352
46.750977	4589.1748	0.42138162
46.770508	4536.7861	0.42113566
46.790039	4504.3262	0.42099154
46.80957	4463.9009	0.42065349
46.829102	4413.2715	0.4197171
46.848633	4379.6553	0.41870713
46.868164	4346.3237	0.41796046
46.887695	4293.8643	0.41795996
46.907227	4259.7192	0.41776723
46.926758	4233.5537	0.4174695
46.946289	4188.7339	0.41656828
46.96582	4152.0225	0.41573685
46.985352	4130.291	0.415252
47.004883	4089.7192	0.41535631
47.024414	4054.9746	0.4153083
47.043945	4037.5852	0.41497889
47.063477	4006.5718	0.41410401
47.083008	3968.301	0.41337386
47.102539	3954.9648	0.41318434
47.12207	3933.0925	0.41335282
47.141602	3898.2869	0.41341877
47.161133	3883.1123	0.41308954
47.180664	3869.6885	0.41235709
47.200195	3840.5337	0.41179153
47.219727	3826.0134	0.41170335
47.239258	3821.885	0.41208798
47.258789	3796.4172	0.41228411
47.27832	3782.022	0.41202784
47.297852	3786.0857	0.41132599
47.317383	3772.2515	0.41103363
47.336914	3755.845	0.41115499
47.356445	3762.324	0.41154063
47.375977	3756.9939	0.41166991
47.395508	3744.9971	0.41144031
47.415039	3757.9675	0.41098204
47.43457	3759.2603	0.41084176
47.454102	3747.0063	0.41115946
47.473633	3759.8071	0.41167098
47.493164	3776.7888	0.41199282
47.512695	3770.0195	0.41164997
47.532227	3779.1941	0.41132864
47.551758	3806.4778	0.4113766
47.571289	3808.5269	0.41199654
47.59082	3820.0161	0.41247103
47.610352	3848.5056	0.41277644
47.629883	3858.8345	0.41257975
47.649414	3872.406	0.41228235
47.668945	3907.3926	0.41260582
47.688477	3925.6487	0.41329807
47.708008	3938.01	0.4140586
47.727539	3973.3621	0.41433695
47.74707	4005.333	0.41413438
47.766602	4021.2847	0.41412061
47.786133	4059.0669	0.41457954
47.805664	4094.573	0.41544223
47.825195	4113.1895	0.41616362
47.844727	4150.8726	0.41646048
47.864258	4195.9585	0.41643894
47.883789	4220.0693	0.41661412
47.90332	4252.5811	0.41715291
47.922852	4302.9512	0.41821611
47.942383	4335.4556	0.4190096
47.961914	4369.6973	0.41938078
47.981445	4418.1885	0.41945574
48.000977	4456.7563	0.41976151
48.020508	4490.7563	0.42057878
48.040039	4543.6255	0.42170697
48.05957	4588.4551	0.42260844
48.079102	4617.855	0.42296335
48.098633	4671.668	0.42320532
48.118164	4722.8608	0.42369354
48.137695	4755.7178	0.4247649
48.157227	4802.5283	0.42587641
48.176758	4855.4609	0.42692226
48.196289	4891.8682	0.42727953
48.21582	4937.9351	0.42775297
48.235352	4993.7803	0.42855918
48.254883	5031.812	0.43005103
48.274414	5070.585	0.43158662
48.293945	5126.645	0.43282098
48.313477	5170.1987	0.43365237
48.333008	5205.5767	0.43481883
48.352539	5250.2383	0.43687418
48.37207	5290.9741	0.44034028
48.391602	5326.292	0.44403556
48.411133	5375.604	0.44750151
48.430664	5423.9351	0.4503006
48.450195	5458.0479	0.453338
48.469727	5503.3813	0.45676944
48.489258	5552.3516	0.46077454
48.508789	5587.0698	0.46435192
48.52832	5624.9741	0.46742931
48.547852	5672.1445	0.47014132
48.567383	5706.3999	0.47298717
48.586914	5741.4951	0.47617182
48.606445	5785.9893	0.4796043
48.625977	5816.4121	0.4827978
48.645508	5844.5786	0.48523825
48.665039	5884.9517	0.48742849
48.68457	5918.4624	0.48965904
48.704102	5942.5239	0.49257731
48.723633	5975.3022	0.49551982
48.743164	6008.8413	0.49800593
48.762695	6026.209	0.49979186
48.782227	6054.7788	0.5013327
48.801758	6085.0273	0.50314385
48.821289	6098.7788	0.50539529
48.84082	6120.9468	0.50758159
48.860352	6149.1108	0.50930011
48.879883	6159.9141	0.5103811
48.899414	6170.667	0.5112282
48.918945	6196.1592	0.51240528
48.938477	6205.8613	0.51405579
48.958008	6212.2007	0.51534617
48.977539	6228.2993	0.51607233
48.99707	6237.2954	0.51626104
49.016602	6235.2686	0.51655859
49.036133	6247.979	0.51695204
49.055664	6255.7744	0.51777846
49.075195	6246.2163	0.51819611
49.094727	6247.8657	0.51828277
49.114258	6256.4878	0.51782358
49.133789	6244.9248	0.51725698
49.15332	6240.2944	0.51694584
49.172852	6240.6328	0.5170446
49.192383	6227.0674	0.51672763
49.211914	6211.1528	0.51574701
49.231445	6208.4204	0.51434225
49.250977	6189.9263	0.51291823
49.270508	6166.8711	0.51185811
49.290039	6159.2715	0.51097655
49.30957	6141.5283	0.50970763
49.329102	6111.5054	0.50790584
49.348633	6095.4341	0.50561649
49.368164	6077.1475	0.50365084
49.387695	6043.2065	0.50202882
49.407227	6020.5239	0.50043416
49.426758	6000.4634	0.49857202
49.446289	5962.8433	0.49584392
49.46582	5931.8643	0.49305147
49.485352	5910.54	0.490417
49.504883	5872.3325	0.48813224
49.524414	5834.4565	0.48589593
49.543945	5806.083	0.48333541
49.563477	5768.8979	0.48007411
49.583008	5726.8286	0.47668487
49.602539	5694.8691	0.47358817
49.62207	5657.9497	0.47103688
49.641602	5610.8125	0.46818769
49.661133	5574.4985	0.46504027
49.680664	5538.4253	0.46119151
49.700195	5487.9741	0.45762229
49.719727	5445.998	0.45421931
49.739258	5409.0986	0.4512873
49.758789	5354.2813	0.44800049
49.77832	5306.5024	0.44424161
49.797852	5272.4624	0.44032875
49.817383	5220.251	0.4363597
49.836914	5160.8228	0.43364507
49.856445	5119.8774	0.43240625
49.875977	5067.0444	0.43128461
49.895508	5012.4604	0.42997703
49.915039	4974.9502	0.42843357
49.93457	4930.9844	0.42712945
49.954102	4873.6069	0.42646977
49.973633	4836.0728	0.42615587
49.993164	4795.5435	0.42556673
50.012695	4738.1455	0.42450559
50.032227	4698.2949	0.42333987
50.051758	4663.4131	0.42244521
50.071289	4609.5825	0.42207921
50.09082	4562.6763	0.42182875
50.110352	4532.0142	0.42149031
50.129883	4485.3853	0.42059067
50.149414	4437.9868	0.41955635
50.168945	4408.7085	0.41873538
50.188477	4364.8345	0.41865277
50.208008	4317.3896	0.41855839
50.227539	4290.9492	0.41824195
50.24707	4254.043	0.41730776
50.266602	4205.1367	0.4164319
50.286133	4177.5137	0.41583192
50.305664	4149.6064	0.41586441
50.325195	4106.4292	0.41595972
50.344727	4076.7542	0.41549861
50.364258	4056.9758	0.41473824
50.383789	4015.8176	0.41390973
50.40332	3988.9854	0.41360998
50.422852	3974.9563	0.41370687
50.442383	3940.3088	0.41382653
50.461914	3907.1355	0.41347098
50.481445	3900.8838	0.41280979
50.500977	3877.9333	0.41211361
50.520508	3847.6904	0.41203094
50.540039	3840.6411	0.4122923
50.55957	3826.6062	0.41247842
50.579102	3799.3376	0.41211426
50.598633	3795.4863	0.41139531
50.618164	3790.5801	0.41106111
50.637695	3765.6501	0.41113949
50.657227	3760.9521	0.41151908
50.676758	3768.4541	0.41178581
50.696289	3752.9648	0.41145957
50.71582	3745.8831	0.41096404
50.735352	3759.3237	0.41065526
50.754883	3752.6885	0.41099417
50.774414	3745.9858	0.41149214
50.793945	3762.8225	0.41172904
50.813477	3764.7278	0.41144016
50.833008	3757.8528	0.41102585
50.852539	3779.491	0.41101229
50.87207	3794.0686	0.41161269
50.891602	3792.6782	0.41221097
50.911133	3811.2131	0.41245919
50.930664	3836.9934	0.41218308
50.950195	3841.293	0.41186514
50.969727	3863.6699	0.412045
50.989258	3892.2146	0.41278735
51.008789	3902.2771	0.41352928
51.02832	3925.7463	0.41380602
51.047852	3962.9832	0.41360524
51.067383	3982.054	0.41361597
51.086914	3999.948	0.4139235
51.106445	4041.1477	0.414709
51.125977	4068.7627	0.41541439
51.145508	4090.4541	0.41575247
51.165039	4134.5962	0.41564411
51.18457	4169.5796	0.41575405
51.204102	4191.7334	0.41640705
51.223633	4235.2192	0.41727912
51.243164	4278.1357	0.41812915
51.262695	4302.7803	0.41843745
51.282227	4343.7217	0.41852129
51.301758	4394.5181	0.41872442
51.321289	4425.8457	0.41947022
51.34082	4466.6025	0.4206157
51.360352	4516.5493	0.42149055
51.379883	4552.417	0.42181486
51.399414	4589.1792	0.42191601
51.418945	4646.5835	0.42235702
51.438477	4686.8354	0.42335239
51.458008	4723.8584	0.42452908
51.477539	4779.0039	0.42550462
51.49707	4825.4067	0.42590472
51.516602	4860.6406	0.42620873
51.536133	4912.9009	0.4269461
51.555664	4960.7559	0.42823508
51.575195	4994.7715	0.4294717
51.594727	5042.8975	0.43070751
51.614258	5099.1924	0.43150142
51.633789	5134.6172	0.43234858
51.65332	5176.897	0.43367809
51.672852	5229.9424	0.43568507
51.692383	5261.5273	0.43829256
51.711914	5295.9492	0.4415279
51.731445	5346.5083	0.444417
51.750977	5391.8652	0.44769469
51.770508	5427.8545	0.45104206
51.790039	5478.0576	0.45488256
51.80957	5520.2778	0.45858148
51.829102	5554.8716	0.46181607
51.848633	5599.355	0.4645685
51.868164	5645.1636	0.46745849
51.887695	5676.8242	0.47073907
51.907227	5715.1855	0.47434446
51.926758	5759.1982	0.47761822
51.946289	5788.1094	0.48044634
51.96582	5822.7549	0.48269784
51.985352	5864.9717	0.48516217
52.004883	5892.751	0.4881112
52.024414	5921.1582	0.49116489
52.043945	5958.7124	0.49389577
52.063477	5985.6274	0.49576953
52.083008	6006.2915	0.49767131
52.102539	6040.208	0.49962413
52.12207	6066.1499	0.50198805
52.141602	6081.9033	0.50438941
52.161133	6112.7417	0.50657594
52.180664	6136.5107	0.50788647
52.200195	6146.7534	0.50900006
52.219727	6167.4097	0.51026529
52.239258	6190.0195	0.51197588
52.258789	6195.772	0.51363796
52.27832	6205.0132	0.51471436
52.297852	6227.6611	0.5152508
52.317383	6231.6211	0.51579195
52.336914	6234.5874	0.51631308
52.356445	6250.6909	0.51720423
52.375977	6250.5449	0.51794696
52.395508	6244.7275	0.51822865
52.415039	6255.1489	0.51788759
52.43457	6258.7559	0.51757526
52.454102	6244.0669	0.51744992
52.473633	6246.3276	0.51779366
52.493164	6249.0181	0.51779962
52.512695	6229.2651	0.51712048
52.532227	6223.2769	0.51591343
52.551758	6218.8032	0.51457447
52.571289	6197.8149	0.51369816
52.59082	6181.9629	0.51311797
52.610352	6177.4102	0.51214284
52.629883	6151.5562	0.51059538
52.649414	6126.0522	0.5085181
52.668945	6115.2446	0.50653791
52.688477	6091.0708	0.50513345
52.708008	6061.625	0.5037542
52.727539	6043.5664	0.50217557
52.74707	6017.5068	0.49968663
52.766602	5980.7046	0.4968482
52.786133	5958.7437	0.49425629
52.805664	5929.1782	0.49221325
52.825195	5887.623	0.4901225
52.844727	5858.5908	0.48763868
52.864258	5831.1299	0.48465803
52.883789	5788.2183	0.48143271
52.90332	5750.1221	0.47835174
52.922852	5722.1094	0.47585133
52.942383	5679.0156	0.47324324
52.961914	5635.314	0.47019842
52.981445	5605.7637	0.46655607
53.000977	5560.7378	0.46295857
53.020508	5514.0391	0.45953739
53.040039	5478.5708	0.45675021
53.05957	5437.937	0.45369759
53.079102	5385.6704	0.45041227
53.098633	5345.0049	0.44645125
53.118164	5305.5449	0.44260204
53.137695	5254.3813	0.43922257
53.157227	5210.2095	0.43620664
53.176758	5160.4399	0.43384218
53.196289	5101.7568	0.43213665
53.21582	5053.4141	0.43039489
53.235352	5017.3989	0.42902249
53.254883	4964.9102	0.42804185
53.274414	4911.8687	0.42754367
53.293945	4876.7046	0.42704099
53.313477	4828.9468	0.42598629
53.333008	4774.8457	0.42458895
53.352539	4740.1406	0.42357665
53.37207	4693.4219	0.42321247
53.391602	4638.7798	0.42298937
53.411133	4602.4302	0.4224897
53.430664	4565.5742	0.4215768
53.450195	4512.0557	0.42056984
53.469727	4473.2461	0.41978273
53.489258	4441.8477	0.41958439
53.508789	4391.228	0.41953656
53.52832	4349.1426	0.41913602
53.547852	4320.3076	0.41816318
53.567383	4274.6533	0.41725463
53.586914	4234.5933	0.41659033
53.606445	4211.8027	0.41659129
53.625977	4171.2744	0.41650105
53.645508	4125.4995	0.41615093
53.665039	4104.6147	0.41526783
53.68457	4076.3784	0.41454202
53.704102	4037.3486	0.4141385
53.723633	4012.5847	0.41429844
53.743164	3992.7422	0.41428956
53.762695	3953.1704	0.41390538
53.782227	3932.1199	0.41311678
53.801758	3920.9663	0.41255659
53.821289	3885.9817	0.41232452
53.84082	3863.5149	0.41264647
53.860352	3859.4192	0.41271257
53.879883	3835.9099	0.41242194
53.899414	3812.5105	0.41176736
53.918945	3810.5601	0.41125846
53.938477	3795.5442	0.41116863
53.958008	3773.2463	0.41167319
53.977539	3776.9902	0.41199303
53.99707	3770.7437	0.41164604
54.016602	3750.0181	0.41090074
54.036133	3757.2166	0.41059703
54.055664	3762.5623	0.41093159
54.075195	3747.8179	0.4114075
54.094727	3748.8018	0.41173846
54.114258	3763.0249	0.41135463
54.133789	3756.4573	0.41090515
54.15332	3758.575	0.41083509
54.172852	3778.7595	0.41125759
54.192383	3779.7285	0.41185901
54.211914	3785.3577	0.41211531
54.231445	3811.5078	0.41177487
54.250977	3824.7292	0.41164291
54.270508	3826.5139	0.41165039
54.290039	3858.3313	0.41235358
54.30957	3879.929	0.41299567
54.329102	3887.0071	0.41335613
54.348633	3916.5337	0.41310057
54.368164	3946.1277	0.41295919
54.387695	3956.1362	0.41323689
54.407227	3987.7322	0.41416728
54.426758	4027.7859	0.41479856
54.446289	4045.2781	0.41509274
54.46582	4072.4321	0.41502681
54.485352	4117.1787	0.4150891
54.504883	4143.9399	0.41556239
54.524414	4170.1509	0.41653779
54.543945	4217.0884	0.41724658
54.563477	4249.8604	0.41749629
54.583008	4278.293	0.41753086
54.602539	4327.7827	0.4177677
54.62207	4366.0659	0.41856277
54.641602	4392.6367	0.41958079
54.661133	4440.4424	0.4203653
54.680664	4488.5376	0.42076141
54.700195	4522.9463	0.42087078
54.719727	4566.7495	0.42132336
54.739258	4615.3325	0.42208153
54.758789	4650.5605	0.42334104
54.77832	4693.3433	0.42425221
54.797852	4749.5903	0.42458522
54.817383	4787.8008	0.42486352
54.836914	4827.5884	0.42548704
54.856445	4883.7617	0.42668241
54.875977	4927.8643	0.42795002
54.895508	4962.8926	0.42903584
54.915039	5018.5469	0.42954093
54.93457	5067.1914	0.43027684
54.954102	5102.1045	0.43144301
54.973633	5153.6357	0.43310273
54.993164	5201.7832	0.43498042
55.012695	5231.6499	0.43682632
55.032227	5272.5405	0.43902981
55.051758	5320.9839	0.44198257
55.071289	5359.5723	0.44533187
55.09082	5397.54	0.44911537
55.110352	5449.9614	0.45287955
55.129883	5488.9824	0.45633361
55.149414	5529.3306	0.45912784
55.168945	5577.8467	0.46211189
55.188477	5614.7173	0.46542048
55.208008	5648.333	0.46913302
55.227539	5692.9839	0.47253245
55.24707	5732.7783	0.47545579
55.266602	5762.0757	0.47800034
55.286133	5802.334	0.4806357
55.305664	5842.7578	0.48367903
55.325195	5868.4756	0.48685625
55.344727	5902.8433	0.48981011
55.364258	5939.4502	0.49189702
55.383789	5962.3472	0.49387839
55.40332	5991.5532	0.49612004
55.422852	6028.4111	0.49885634
55.442383	6049.4087	0.50133818
55.461914	6066.4102	0.50357604
55.481445	6099.8633	0.50499964
55.500977	6118.9194	0.50630116
55.520508	6132.1729	0.50776416
55.540039	6159.1406	0.50967145
55.55957	6175.564	0.51154131
55.579102	6183.4209	0.51296008
55.598633	6202.3779	0.51367074
55.618164	6221.2695	0.51429766
55.637695	6219.1304	0.515073
55.657227	6231.8091	0.51638508
55.676758	6246.8735	0.51728517
55.696289	6242.7749	0.51776922
55.71582	6245.3311	0.51768923
55.735352	6258.3389	0.51751959
55.754883	6250.895	0.51760256
55.774414	6244.5713	0.51804549
55.793945	6253.4819	0.51813996
55.813477	6245.2534	0.51776475
55.833008	6229.376	0.51693583
55.852539	6233.7935	0.51601452
55.87207	6224.2563	0.51543146
55.891602	6202.3062	0.51493645
55.911133	6195.2705	0.51411599
55.930664	6182.6665	0.51275772
55.950195	6158.1191	0.51085103
55.969727	6141.6021	0.50930029
55.989258	6131.603	0.50800961
56.008789	6100.3755	0.50680763
56.02832	6076.5957	0.50513661
56.047852	6062.5146	0.50291389
56.067383	6030.2974	0.50044411
56.086914	5998.0444	0.49798563
56.106445	5979.3599	0.49629545
56.125977	5948.2476	0.49435949
56.145508	5910.9116	0.4922598
56.165039	5886.7632	0.48911572
56.18457	5852.4185	0.48605859
56.204102	5811.4419	0.48321849
56.223633	5780.4688	0.48095345
56.243164	5748.3296	0.47844625
56.262695	5701.7559	0.47538164
56.282227	5666.4746	0.47190186
56.301758	5632.0469	0.46839696
56.321289	5585.75	0.46507663
56.34082	5543.146	0.46234071
56.360352	5508.7192	0.45932919
56.379883	5460.02	0.45608449
56.399414	5415.6123	0.45221314
56.418945	5379.7896	0.44841543
56.438477	5333.019	0.44509637
56.458008	5283.0923	0.44214988
56.477539	5243.7832	0.43896201
56.49707	5196.2578	0.43542659
56.516602	5132.3955	0.43267429
56.536133	5088.1641	0.43084052
56.555664	5045.8628	0.42980221
56.575195	4989.6543	0.42907733
56.594727	4945.1851	0.4283939
56.614258	4908.7627	0.42716193
56.633789	4851.1455	0.42577413
56.65332	4804.1943	0.42468888
56.672852	4770.4502	0.42431536
56.692383	4719.2656	0.42409745
56.711914	4670.25	0.42351398
56.731445	4635.2949	0.4224813
56.750977	4586.9243	0.4214111
56.770508	4535.6079	0.42059708
56.790039	4504.6455	0.420472
56.80957	4464.7959	0.42030302
56.829102	4410.7153	0.41981965
56.848633	4378.7285	0.41882083
56.868164	4347.46	0.4178898
56.887695	4296.4106	0.4173395
56.907227	4260.8662	0.41724378
56.926758	4231.9824	0.41715127
56.946289	4184.8081	0.4166702
56.96582	4149.3696	0.41580307
56.985352	4128.5264	0.41503137
57.004883	4088.9922	0.41468278
57.024414	4050.3069	0.4148441
57.043945	4034.1963	0.41477251
57.063477	4003.6025	0.41441306
57.083008	3966.793	0.41349566
57.102539	3950.7825	0.41285095
57.12207	3928.678	0.41257438
57.141602	3894.0337	0.41279721
57.161133	3881.646	0.41290995
57.180664	3867.7693	0.41250664
57.200195	3835.9463	0.4118121
57.219727	3822.0078	0.41137755
57.239258	3822.7183	0.41141731
57.258789	3795.6709	0.41181105
57.27832	3780.6724	0.41197422
57.297852	3783.9402	0.41155282
57.317383	3768.5381	0.41099364
57.336914	3751.6267	0.41067597
57.356445	3762.6162	0.41101333
57.375977	3756.842	0.41145855
57.395508	3744.0413	0.41157544

Data Acquisition						Time:	70.727539	s	2/8/2024 2:41:58 PM
Time	Ch 1 Force	Bolt
s	N	V
57.415039	3755.8701	0.41108337
57.43457	3761.5515	0.41066933
57.454102	3748.0544	0.41056946
57.473633	3759.0713	0.41102585
57.493164	3774.521	0.41150814
57.512695	3769.8674	0.41175854
57.532227	3782.1816	0.41144866
57.551758	3804.4592	0.41106868
57.571289	3806.3196	0.41123241
57.59082	3817.6157	0.41188243
57.610352	3849.1838	0.41241676
57.629883	3859.7207	0.41275916
57.649414	3870.7883	0.41253871
57.668945	3906.1731	0.41234076
57.688477	3926.6213	0.41273776
57.708008	3940.998	0.41340706
57.727539	3973.575	0.41409981
57.74707	4003.7881	0.41440561
57.766602	4019.8149	0.41410956
57.786133	4056.353	0.4143208
57.805664	4095.5239	0.41474128
57.825195	4115.0122	0.41563183
57.844727	4149.0127	0.41645104
57.864258	4193.7925	0.41673285
57.883789	4219.6572	0.4166958
57.90332	4255.9644	0.41694987
57.922852	4302.8198	0.41767463
57.942383	4336.1582	0.41874725
57.961914	4367.4937	0.41948521
57.981445	4422.1763	0.41974998
58.000977	4461.9229	0.41978979
58.020508	4494.8501	0.42016402
58.040039	4546.8408	0.42118675
58.05957	4592.1694	0.42238075
58.079102	4624.7441	0.42311984
58.098633	4674.1895	0.42331916
58.118164	4724.2954	0.42349046
58.137695	4757.7017	0.42413479
58.157227	4804.834	0.42528653
58.176758	4858.6289	0.42658871
58.196289	4892.6436	0.42756498
58.21582	4939.3931	0.42805004
58.235352	4992.896	0.42849407
58.254883	5034.2334	0.42964789
58.274414	5072.3477	0.43113622
58.293945	5124.6226	0.43266791
58.313477	5171.6968	0.43403322
58.333008	5205.1167	0.43497562
58.352539	5250.5376	0.43679819
58.37207	5290.0103	0.4396705
58.391602	5326.9111	0.44366181
58.411133	5375.5889	0.44736427
58.430664	5423.4688	0.45075214
58.450195	5459.0405	0.45365497
58.469727	5503.4805	0.4567312
58.489258	5551.998	0.46026301
58.508789	5585.8184	0.46400982
58.52832	5626.1587	0.46761277
58.547852	5671.417	0.4704265
58.567383	5705.6309	0.47313377
58.586914	5739.1025	0.47586295
58.606445	5785.4077	0.47913674
58.625977	5818.9155	0.48264042
58.645508	5845.9736	0.48561877
58.665039	5888.1919	0.48795545
58.68457	5918.7593	0.48993048
58.704102	5945.2251	0.49237645
58.723633	5976.7573	0.49519271
58.743164	6009.1128	0.49770054
58.762695	6025.8677	0.50008565
58.782227	6053.6406	0.50164217
58.801758	6087.624	0.50321078
58.821289	6102.9902	0.50502223
58.84082	6120.187	0.5072003
58.860352	6150.5732	0.5091902
58.879883	6162.3496	0.51076537
58.899414	6174.4341	0.51151884
58.918945	6198.5674	0.51238281
58.938477	6208.667	0.51351196
58.958008	6213.8076	0.51505047
58.977539	6231.9312	0.51612848
58.99707	6240.4946	0.51679516
59.016602	6236.564	0.51689887
59.036133	6248.2246	0.51693124
59.055664	6257.1821	0.51734525
59.075195	6248.0298	0.517923
59.094727	6249.9873	0.51828885
59.114258	6256.9814	0.51802284
59.133789	6245.623	0.5173918
59.15332	6240.2705	0.51690376
59.172852	6242.4277	0.51658887
59.192383	6225.7842	0.51639038
59.211914	6211.3599	0.51580489
59.231445	6209.4492	0.51455671
59.250977	6193.2583	0.5130713
59.270508	6168.9883	0.51161778
59.290039	6158.8237	0.5104394
59.30957	6141.5469	0.50941545
59.329102	6112.1685	0.50801605
59.348633	6097.9185	0.5059796
59.368164	6078.1748	0.50382435
59.387695	6045.3516	0.5016095
59.407227	6022.8198	0.50006646
59.426758	6002.8359	0.49831277
59.446289	5963.7363	0.49607563
59.46582	5933.4902	0.49326822
59.485352	5910.1841	0.49042228
59.504883	5872.7251	0.48762459
59.524414	5835.0059	0.48551276
59.543945	5806.875	0.4830673
59.563477	5768.0083	0.480232
59.583008	5725.1763	0.47676235
59.602539	5695.4888	0.47352955
59.62207	5659.9312	0.47054663
59.641602	5611.436	0.4678933
59.661133	5576.9297	0.46509773
59.680664	5538.5361	0.46171007
59.700195	5489.6074	0.45784277
59.719727	5448.5103	0.4541111
59.739258	5410.6807	0.45094305
59.758789	5361.0981	0.44812131
59.77832	5314.9663	0.44489655
59.797852	5279.1997	0.44125226
59.817383	5227.3843	0.43713567
59.836914	5169.1143	0.43370366
59.856445	5127.0269	0.43218929
59.875977	5075.5996	0.43120906
59.895508	5019.8057	0.43017355
59.915039	4982.811	0.42882848
59.93457	4937.6064	0.42742306
59.954102	4882.2886	0.42626625
59.973633	4844.3975	0.42570785
59.993164	4802.2012	0.4255141
60.012695	4744.4404	0.42487565
60.032227	4703.2549	0.42365485
60.051758	4668.8989	0.42269751
60.071289	4616.0366	0.4217841
60.09082	4571.1938	0.42159733
60.110352	4539.4487	0.42139456
60.129883	4490.877	0.42084557
60.149414	4443.2031	0.41979837
60.168945	4411.2773	0.4188126
60.188477	4367.938	0.41820431
60.208008	4317.8022	0.41818076
60.227539	4292.4028	0.41810256
60.24707	4258.0239	0.41754049
60.266602	4208.6069	0.41653112
60.286133	4175.3901	0.41573015
60.305664	4145.6055	0.41525131
60.325195	4101.5713	0.41544434
60.344727	4076.209	0.41542745
60.364258	4053.8455	0.41498756
60.383789	4014.4382	0.41416618
60.40332	3984.6521	0.41350618
60.422852	3972.6475	0.41327325
60.442383	3940.0215	0.41342795
60.461914	3905.9063	0.41347182
60.481445	3900.1545	0.41299742
60.500977	3876.5171	0.41228804
60.520508	3844.6638	0.41170749
60.540039	3836.2805	0.4117741
60.55957	3821.2175	0.41202891
60.579102	3796.2046	0.41216516
60.598633	3792.2854	0.41175908
60.618164	3788.6343	0.41109395
60.637695	3764.5642	0.41081861
60.657227	3758.2603	0.41099802
60.676758	3764.7646	0.41148308
60.696289	3748.8242	0.41152415
60.71582	3742.4148	0.41119105
60.735352	3755.207	0.41070518
60.754883	3747.4824	0.41058931
60.774414	3741.9485	0.41101509
60.793945	3760.3074	0.4115864
60.813477	3760.7913	0.41149992
60.833008	3755.792	0.41111434
60.852539	3773.3831	0.41093177
60.87207	3790.9309	0.4110606
60.891602	3789.3416	0.41167212
60.911133	3810.9333	0.41224751
60.930664	3832.1726	0.41250843
60.950195	3836.7993	0.41215396
60.969727	3858.7966	0.41197568
60.989258	3889.6118	0.4123615
61.008789	3898.4102	0.41314244
61.02832	3920.283	0.41367042
61.047852	3959.063	0.41380894
61.067383	3976.7021	0.41359887
61.086914	3997.678	0.41363293
61.106445	4038.3086	0.41420156
61.125977	4064.9543	0.41518348
61.145508	4088.1267	0.41571683
61.165039	4132.6982	0.41588241
61.18457	4166.7676	0.41584936
61.204102	4188.2656	0.41597947
61.223633	4232.104	0.41688815
61.243164	4274.9102	0.41772091
61.262695	4300.8262	0.41844931
61.282227	4342.2378	0.41860819
61.301758	4392.0581	0.41872209
61.321289	4422.9722	0.4192071
61.34082	4464.3682	0.42007309
61.360352	4519.7305	0.4211348
61.379883	4552.6025	0.42187497
61.399414	4589.4932	0.42212504
61.418945	4645.5088	0.42241466
61.438477	4687.3608	0.42310509
61.458008	4722.4917	0.42423993
61.477539	4776.9927	0.42526513
61.49707	4823.918	0.4260917
61.516602	4857.7393	0.4263677
61.536133	4909.6602	0.42689717
61.555664	4959.438	0.42787063
61.575195	5005.3813	0.42936411
61.594727	5055.7632	0.4310171
61.614258	5106.1582	0.43205911
61.633789	5139.2427	0.4326953
61.65332	5182.4302	0.43378562
61.672852	5235.7026	0.43559206
61.692383	5268.8535	0.43882829
61.711914	5303.4702	0.44214064
61.731445	5354.3569	0.44537023
61.750977	5398.355	0.44832066
61.770508	5434.4141	0.45133775
61.790039	5483.1772	0.45511407
61.80957	5524.8809	0.45876768
61.829102	5557.3354	0.46233279
61.848633	5603.6885	0.46523675
61.868164	5647.2056	0.46796891
61.887695	5680.9673	0.47088429
61.907227	5719.3975	0.47441643
61.926758	5763.1655	0.47776338
61.946289	5793.7534	0.48102212
61.96582	5830.1318	0.48357549
61.985352	5872.1064	0.48593199
62.004883	5899.7358	0.48840684
62.024414	5926.7798	0.49150825
62.043945	5966.0396	0.49429592
62.063477	5992.373	0.4967007
62.083008	6014.2832	0.49846917
62.102539	6046.5532	0.50030911
62.12207	6071.1128	0.50219429
62.141602	6086.2935	0.50452805
62.161133	6113.7764	0.50666535
62.180664	6137.5439	0.50823766
62.200195	6145.8491	0.50933796
62.219727	6168.0015	0.5104509
62.239258	6192.2969	0.51183325
62.258789	6197.293	0.51357347
62.27832	6208.1367	0.51493835
62.297852	6227.5684	0.51567113
62.317383	6231.854	0.5160808
62.336914	6235.3062	0.51642978
62.356445	6253.6724	0.51714158
62.375977	6252.3213	0.51804936
62.395508	6245.083	0.51838273
62.415039	6256.9385	0.51826626
62.43457	6258.8687	0.5177592
62.454102	6244.5474	0.51745206
62.473633	6248.7598	0.51757801
62.493164	6249.9585	0.51771647
62.512695	6230.2661	0.51744109
62.532227	6224.1016	0.51632422
62.551758	6219.6025	0.51492596
62.571289	6198.9927	0.51374233
62.59082	6183.7788	0.5130766
62.610352	6178.2476	0.51223415
62.629883	6152.0981	0.51093853
62.649414	6128.4263	0.50906932
62.668945	6117.4502	0.50703013
62.688477	6091.231	0.50503784
62.708008	6060.3755	0.50368297
62.727539	6044.6318	0.50220799
62.74707	6016.6895	0.50013578
62.766602	5982.061	0.49746868
62.786133	5958.6172	0.49471539
62.805664	5933.521	0.49243733
62.825195	5890.8145	0.49033254
62.844727	5861.0625	0.48800412
62.864258	5834.5498	0.48519346
62.883789	5791.0913	0.48189792
62.90332	5755.1802	0.47872946
62.922852	5725.3315	0.47587377
62.942383	5682.3086	0.47338691
62.961914	5638.9761	0.47059405
62.981445	5606.8584	0.46725127
63.000977	5563.5225	0.46342644
63.020508	5515.6655	0.45988441
63.040039	5481.0361	0.45674455
63.05957	5439.6294	0.45393202
63.079102	5385.0361	0.45070797
63.098633	5343.5244	0.44681114
63.118164	5302.9922	0.44278806
63.137695	5251.4897	0.43902242
63.157227	5206.6201	0.43578458
63.176758	5157.9668	0.43373275
63.196289	5098.9155	0.43228203
63.21582	5050.0356	0.43065172
63.235352	5014.4648	0.42904562
63.254883	4961.5176	0.42781219
63.274414	4908.3828	0.42729688
63.293945	4873.0034	0.42682406
63.313477	4824.0532	0.42606705
63.333008	4771.7583	0.42489064
63.352539	4735.9097	0.42377609
63.37207	4693.3369	0.42300457
63.391602	4635.8662	0.42282957
63.411133	4600.7637	0.42257473
63.430664	4563.2969	0.42185146
63.450195	4509.6172	0.420636
63.469727	4471.0078	0.41983211
63.489258	4438.9736	0.41928396
63.508789	4388.4961	0.41923475
63.52832	4348.5503	0.41898799
63.547852	4318.4561	0.41833702
63.567383	4274.5234	0.4174028
63.586914	4233.4175	0.41660172
63.606445	4209.3267	0.41623622
63.625977	4170.6494	0.41637775
63.645508	4126.0513	0.41619566
63.665039	4103.9312	0.41551408
63.68457	4076.7002	0.41469568
63.704102	4035.0476	0.41400459
63.723633	4012.4971	0.41399109
63.743164	3990.7144	0.41410491
63.762695	3952.6521	0.41403309
63.782227	3931.3655	0.4134306
63.801758	3919.8667	0.41269156
63.821289	3884.8015	0.41235805
63.84082	3863.428	0.4124316
63.860352	3859.4294	0.41256958
63.879883	3836.7637	0.41261268
63.899414	3811.0371	0.41204995
63.918945	3809.5347	0.41135812
63.938477	3796.1465	0.41118371
63.958008	3774.3535	0.41148376
63.977539	3775.1475	0.41175693
63.99707	3770.1475	0.41179287
64.016602	3752.5706	0.41119462
64.036133	3757.4753	0.41081396
64.055664	3764.2725	0.41061449
64.075195	3747.7791	0.41121438
64.094727	3748.9883	0.41158867
64.114258	3763.926	0.41150305
64.133789	3756.9329	0.41111705
64.15332	3760.8987	0.41081274
64.172852	3780.3542	0.41105968
64.192383	3780.6472	0.41165733
64.211914	3786.3513	0.41205958
64.231445	3813.2952	0.41203296
64.250977	3825.7432	0.41178289
64.270508	3829.8501	0.41167423
64.290039	3859.9451	0.41215664
64.30957	3881.5	0.41286021
64.329102	3889.095	0.41340125
64.348633	3918.8091	0.41332871
64.368164	3946.7949	0.41311318
64.387695	3960.7412	0.41319317
64.407227	3989.7793	0.41390899
64.426758	4029.302	0.41470355
64.446289	4046.2927	0.41524854
64.46582	4072.6323	0.4151696
64.485352	4116.252	0.41509289
64.504883	4144.6582	0.41535068
64.524414	4171.4458	0.41633147
64.543945	4216.772	0.41716081
64.563477	4249.5972	0.41774657
64.583008	4278.5239	0.41774121
64.602539	4327.6909	0.4178195
64.62207	4369.1538	0.41818932
64.641602	4395.2236	0.41936237
64.661133	4444.3672	0.42034584
64.680664	4492.1953	0.42095259
64.700195	4523.5195	0.42098552
64.719727	4567.8198	0.42129871
64.739258	4621.5762	0.42195755
64.758789	4656.3862	0.42317384
64.77832	4699.0381	0.42414877
64.797852	4753.6338	0.42478913
64.817383	4790.2026	0.42502609
64.836914	4831.1372	0.42552319
64.856445	4887.144	0.426606
64.875977	4931.9629	0.42796406
64.895508	4965.519	0.42915103
64.915039	5020.8154	0.4299058
64.93457	5066.6255	0.43052483
64.954102	5103.3838	0.4313466
64.973633	5155.146	0.43297207
64.993164	5203.0557	0.43488282
65.012695	5232.6875	0.43699235
65.032227	5273.9023	0.4394334
65.051758	5322.4556	0.4421919
65.071289	5359.6724	0.44537184
65.09082	5402.0142	0.44924116
65.110352	5452.605	0.45307878
65.129883	5490.8643	0.45663592
65.149414	5529.6802	0.45951051
65.168945	5578.6826	0.46248791
65.188477	5615.6465	0.46555132
65.208008	5650.2813	0.46924797
65.227539	5694.8813	0.47273159
65.24707	5733.0684	0.47589687
65.266602	5763.1079	0.47835618
65.286133	5804.8779	0.48090491
65.305664	5843.02	0.48371357
65.325195	5869.9624	0.48697692
65.344727	5904.186	0.48991716
65.364258	5941.1655	0.49240679
65.383789	5963.8599	0.49431261
65.40332	5991.9268	0.49631539
65.422852	6028.4878	0.49874675
65.442383	6048.7959	0.50131249
65.461914	6069.1196	0.50353295
65.481445	6099.585	0.50524992
65.500977	6119.335	0.50644684
65.520508	6133.606	0.50782263
65.540039	6160.1304	0.50962454
65.55957	6176.6606	0.51141316
65.579102	6182.8911	0.51295525
65.598633	6203.6841	0.5138706
65.618164	6218.9351	0.51450908
65.637695	6219.0835	0.5150159
65.657227	6231.5708	0.51610428
65.676758	6246.3359	0.51723605
65.696289	6243.2007	0.51790231
65.71582	6246.5039	0.51783639
65.735352	6257.3755	0.5176816
65.754883	6252.2661	0.51757342
65.774414	6244.0762	0.51793593
65.793945	6254.5356	0.51817608
65.813477	6244.6309	0.51792312
65.833008	6232.9653	0.51712966
65.852539	6233.8599	0.51612771
65.87207	6225.7559	0.51532161
65.891602	6203.2773	0.51481485
65.911133	6193.0938	0.51416928
65.930664	6183.9204	0.51286352
65.950195	6157.6772	0.51108801
65.969727	6143.7505	0.50927895
65.989258	6132.3955	0.50791788
66.008789	6099.9043	0.5067656
66.02832	6076.5112	0.50525749
66.047852	6063.6465	0.50334597
66.067383	6030.9937	0.50076538
66.086914	5998.4814	0.49831557
66.106445	5981.1201	0.49624968
66.125977	5948.7407	0.49434793
66.145508	5911.2983	0.4922277
66.165039	5886.7666	0.48930901
66.18457	5851.5649	0.48617336
66.204102	5808.8213	0.48326227
66.223633	5781.5981	0.48068738
66.243164	5749.4131	0.4782677
66.262695	5703.187	0.47564957
66.282227	5667.2676	0.47227108
66.301758	5634.1343	0.46853948
66.321289	5587.7178	0.46521899
66.34082	5542.7876	0.46215835
66.360352	5506.0654	0.4591251
66.379883	5460.064	0.45601997
66.399414	5412.1655	0.45216319
66.418945	5377.814	0.44838011
66.438477	5329.5679	0.44480029
66.458008	5279.5938	0.44182959
66.477539	5243.2993	0.43870825
66.49707	5194.6938	0.43528482
66.516602	5131.0156	0.43275511
66.536133	5088.5547	0.43089676
66.555664	5046.8403	0.4296197
66.575195	4989.4258	0.42905086
66.594727	4947.0347	0.42836729
66.614258	4908.834	0.42730805
66.633789	4850.7002	0.42598939
66.65332	4806.1484	0.42476273
66.672852	4772.3623	0.42411882
66.692383	4718.1455	0.42394039
66.711914	4666.7622	0.42348799
66.731445	4632.6553	0.42267269
66.750977	4587.9946	0.42154285
66.770508	4536.373	0.42054307
66.790039	4504.4155	0.42017335
66.80957	4462.8862	0.42002621
66.829102	4410.1953	0.41989607
66.848633	4379.4136	0.41906145
66.868164	4346.5483	0.41799399
66.887695	4296.603	0.41720363
66.907227	4258.9316	0.41708794
66.926758	4231.5933	0.41705167
66.946289	4188.7407	0.41680679
66.96582	4152.9717	0.41601625
66.985352	4131.1772	0.41517827
67.004883	4089.9912	0.41462389
67.024414	4053.5269	0.41470465
67.043945	4037.8184	0.41481224
67.063477	4007.3643	0.41454202
67.083008	3969.1155	0.41369313
67.102539	3954.1938	0.4130342
67.12207	3933.6892	0.41269717
67.141602	3898.6609	0.41294038
67.161133	3884.3193	0.41305536
67.180664	3869.6772	0.41282123
67.200195	3839.3206	0.41212174
67.219727	3826.8022	0.41154218
67.239258	3823.3889	0.41133755
67.258789	3797.8999	0.41173604
67.27832	3781.363	0.41197771
67.297852	3786.2212	0.41175637
67.317383	3770.5913	0.41109562
67.336914	3755.647	0.41074622
67.356445	3763.5994	0.41079897
67.375977	3757.3516	0.41127828
67.395508	3745.3066	0.41151896
67.415039	3757.3564	0.41121182
67.43457	3761.4854	0.41081312
67.454102	3747.7981	0.41061822
67.473633	3760.3171	0.41088566
67.493164	3774.5105	0.41134864
67.512695	3769.7439	0.41179883
67.532227	3782.2253	0.41152743
67.551758	3805.8784	0.41128519
67.571289	3808.5911	0.41120917
67.59082	3822.8757	0.41186008
67.610352	3851.1116	0.41237056
67.629883	3860.1299	0.41274664
67.649414	3873.3403	0.41263804
67.668945	3909.2876	0.41250053
67.688477	3931.717	0.41256046
67.708008	3940.208	0.41341498
67.727539	3977.5571	0.41403964
67.74707	4006.5989	0.41442192
67.766602	4021.894	0.41432869
67.786133	4058.5913	0.41427898
67.805664	4096.7476	0.41462898
67.825195	4115.6553	0.41555041
67.844727	4155.5479	0.41640934
67.864258	4198.6904	0.4168078
67.883789	4223.106	0.41679862
67.90332	4255.7104	0.4168919
67.922852	4306.4849	0.41743562
67.942383	4338.3438	0.41852456
67.961914	4371.3291	0.41941541
67.981445	4421.1958	0.41969609
68.000977	4459.8501	0.41977122
68.020508	4492.9746	0.42007831
68.040039	4545.3452	0.42098477
68.05957	4590.6152	0.42214218
68.079102	4621.2798	0.42300317
68.098633	4673.3271	0.42333007
68.118164	4723.5029	0.42367691
68.137695	4756.7197	0.42410797
68.157227	4803.3657	0.42527652
68.176758	4853.8779	0.42646703
68.196289	4893.5117	0.42754233
68.21582	4937.5303	0.42781693
68.235352	4994.1548	0.42857951
68.254883	5030.9888	0.42937618
68.274414	5070.8115	0.43100241
68.293945	5127.7949	0.43256825
68.313477	5171.2119	0.43402839
68.333008	5204.791	0.43501434
68.352539	5251.2573	0.43685222
68.37207	5292.6489	0.43976885
68.391602	5327.2324	0.44357419
68.411133	5377.7881	0.44756356
68.430664	5424.2739	0.45100933
68.450195	5459.9229	0.45384988
68.469727	5504.4097	0.45682791
68.489258	5552.8154	0.46009731
68.508789	5587.229	0.46387804
68.52832	5625.5259	0.46749857
68.547852	5672.3867	0.47050899
68.567383	5706.4355	0.47319776
68.586914	5740.6108	0.47592926
68.606445	5785.1953	0.47905463
68.625977	5817.0073	0.48228922
68.645508	5847.0449	0.48548046
68.665039	5889.709	0.48809591
68.68457	5924.2207	0.49026832
68.704102	5944.9048	0.49254072
68.723633	5980.4683	0.49514395
68.743164	6010.5938	0.49792442
68.762695	6031.2134	0.50030446
68.782227	6058.3037	0.50213665
68.801758	6088.4165	0.5035966
68.821289	6105.7192	0.50532949
68.84082	6123.501	0.50742996
68.860352	6152.7021	0.50931585
68.879883	6163.1592	0.51091444
68.899414	6174.3252	0.51179576
68.918945	6199.7407	0.51261377
68.938477	6211.2695	0.513686
68.958008	6215.541	0.51519787
68.977539	6233.562	0.51645511
68.99707	6240.4165	0.51703405
69.016602	6234.8682	0.51698554
69.036133	6246.7432	0.51688659
69.055664	6256.7676	0.51716375
69.075195	6246.729	0.51790649
69.094727	6249.4883	0.5183326
69.114258	6256.8979	0.51828074
69.133789	6243.8208	0.51753008
69.15332	6236.2119	0.5168041
69.172852	6241.8638	0.51656592
69.192383	6224.3623	0.51623958
69.211914	6208.8496	0.51568222
69.231445	6207.5117	0.51448059
69.250977	6189.8862	0.51305819
69.270508	6165.2759	0.51141906
69.290039	6156.7671	0.51028359
69.30957	6137.6455	0.50911522
69.329102	6108.3262	0.50788999
69.348633	6091.7065	0.50586098
69.368164	6074.334	0.5036062
69.387695	6041.6445	0.50147527
69.407227	6019.1792	0.49982238
69.426758	5996.7983	0.49803615
69.446289	5958.0586	0.49593872
69.46582	5930.4565	0.49320099
69.485352	5907.3457	0.49041715
69.504883	5868.0444	0.48758274
69.524414	5831.3315	0.48546195
69.543945	5806.7881	0.48307025
69.563477	5767.1646	0.4803564
69.583008	5725.1582	0.4769586
69.602539	5695.1743	0.47355679
69.62207	5655.8188	0.47038347
69.641602	5610.1426	0.46779537
69.661133	5575.9731	0.46486285
69.680664	5537.834	0.46156642
69.700195	5485.3721	0.45776126
69.719727	5445.0776	0.45404556
69.739258	5408.2627	0.45066142
69.758789	5356.4878	0.44766593
69.77832	5310.1416	0.44460154
69.797852	5272.4697	0.44090247
69.817383	5223.4043	0.43682706
69.836914	5165.1289	0.4334496
69.856445	5123.2227	0.43180194
69.875977	5070.0371	0.43096614
69.895508	5013.9487	0.43013468
69.915039	4977.23	0.4287737
69.93457	4933.1904	0.42730269
69.954102	4877.1475	0.42614573
69.973633	4836.7065	0.42561448
69.993164	4794.8184	0.4252274
70.012695	4741.4497	0.42468446
70.032227	4699.6895	0.42361909
70.051758	4663.6021	0.42247921
70.071289	4608.6514	0.42158628
70.09082	4565.064	0.4214029
70.110352	4535.9834	0.42131868
70.129883	4487.5366	0.42081729
70.149414	4436.2251	0.4197641
70.168945	4407.9639	0.41877252
70.188477	4366.9019	0.41813374
70.208008	4317.4038	0.41810527
70.227539	4290.6465	0.41799006
70.24707	4252.77	0.41747433
70.266602	4205.4443	0.41656715
70.286133	4178.729	0.41581649
70.305664	4150.814	0.41529414
70.325195	4105.1074	0.41542858
70.344727	4075.7971	0.41543034
70.364258	4057.3044	0.41492784
70.383789	4018.9233	0.41412067
70.40332	3988.5361	0.41348401
70.422852	3973.9736	0.41329518
70.442383	3939.8105	0.41341665
70.461914	3910.4612	0.41348982
70.481445	3902.3567	0.41302231
70.500977	3877.9663	0.41224265
70.520508	3847.9744	0.41170642
70.540039	3840.9221	0.41176897
70.55957	3827.0996	0.41204983
70.579102	3799.5266	0.41218632
70.598633	3794.084	0.41171372
70.618164	3790.8618	0.41115388
70.637695	3767.3174	0.41079196
70.657227	3764.8743	0.4110564
70.676758	3768.9236	0.41151318
70.696289	3750.5527	0.41171384
70.71582	3745.73	0.41112703

Data Acquisition						Time:	70.730469	s	2/8/2024 2:41:58 PM
Time	Ch 1 Force	Bolt
s	N	V
70.723633	6261.8936	0.51864827
37.40332	3739.1428	0.41041136
