MTS793|MPT|ENU|1|2|.|/|:|1|0|0|A

Data Acquisition						Time:	57.365234	s	2/8/2024 2:47:31 PM
Time	Ch 1 Force	Bolt
s	N	V
37.382813	3750.6428	0.303541
37.402344	3746.6709	0.30326557
37.421875	3736.9846	0.30379209
37.441406	3752.6826	0.30445421
37.460938	3757.0999	0.30492005
37.480469	3751.6931	0.30495903
37.5	3771.437	0.30532542
37.519531	3784.6272	0.30604893
37.539063	3787.0769	0.30756944
37.558594	3807.9209	0.30909809
37.578125	3828.3564	0.31041002
37.597656	3836.4094	0.31137925
37.617188	3855.5959	0.31267288
37.636719	3886.999	0.31420505
37.65625	3902.2656	0.31664246
37.675781	3922.8623	0.31895071
37.695313	3956.116	0.32100523
37.714844	3976.3689	0.32264048
37.734375	3999.6042	0.32454851
37.753906	4038.9609	0.32695797
37.773438	4068.1047	0.33004594
37.792969	4091.5537	0.33300906
37.8125	4131.7061	0.33562258
37.832031	4168.2373	0.33781421
37.851563	4194.4468	0.34044045
37.871094	4234.146	0.34333673
37.890625	4273.7305	0.34702986
37.910156	4304.772	0.35052204
37.929688	4346.9517	0.35350448
37.949219	4393.4946	0.35619533
37.96875	4426.0405	0.35930389
37.988281	4465.7803	0.36306205
38.007813	4517.7241	0.36702842
38.027344	4555.5264	0.37079471
38.046875	4595.4951	0.37413967
38.066406	4646.1704	0.3772468
38.085938	4690.7104	0.38061416
38.105469	4727.6914	0.38466686
38.125	4780.5518	0.38884941
38.144531	4826.0713	0.3928296
38.164063	4863.0029	0.39613104
38.183594	4914.2998	0.39960864
38.203125	4965.7944	0.40329307
38.222656	5003.7363	0.40767968
38.242188	5049.4819	0.41189641
38.261719	5102.729	0.4158262
38.28125	5143.1479	0.41908902
38.300781	5186.6089	0.42254704
38.320313	5240.6699	0.4262768
38.339844	5279.1689	0.43053952
38.359375	5320.0874	0.43461913
38.378906	5372.79	0.43830466
38.398438	5416.4126	0.44159546
38.417969	5450.02	0.44472232
38.4375	5500.7007	0.44825947
38.457031	5544.2139	0.45242307
38.476563	5578.2476	0.45606744
38.496094	5623.6436	0.45942628
38.515625	5667.1938	0.46214059
38.535156	5699.3169	0.46516046
38.554688	5738.1431	0.46853054
38.574219	5783.1011	0.47212076
38.59375	5810.2461	0.47539538
38.613281	5842.877	0.47795737
38.632813	5886.8867	0.4802525
38.652344	5914.0718	0.48268494
38.671875	5938.8018	0.48563245
38.691406	5979.3716	0.48867339
38.710938	6003.1768	0.49128923
38.730469	6023.0391	0.49311811
38.75	6059.8438	0.49481419
38.769531	6082.8296	0.49667692
38.789063	6097.3799	0.49907637
38.808594	6125.981	0.50132668
38.828125	6149.6792	0.50307578
38.847656	6157.6265	0.50402015
38.867188	6175.1782	0.50514132
38.886719	6197.6597	0.50625616
38.90625	6203.5527	0.50792938
38.925781	6213.8145	0.50937331
38.945313	6235.1177	0.51017505
38.964844	6234.458	0.51045889
38.984375	6235.7979	0.51069373
39.003906	6254.8018	0.51123583
39.023438	6254.7183	0.51211512
39.042969	6247.146	0.51253569
39.0625	6258.4341	0.51252508
39.082031	6257.9946	0.51197696
39.101563	6242.3735	0.51143622
39.121094	6248.7358	0.51132476
39.140625	6246.689	0.51134616
39.160156	6227.396	0.51111495
39.179688	6221.417	0.51001441
39.199219	6216.7773	0.50850457
39.21875	6191.3687	0.50707275
39.238281	6175.0527	0.50606596
39.257813	6167.8452	0.50512576
39.277344	6142.522	0.50382811
39.296875	6119.3594	0.50188988
39.316406	6107.3652	0.49971098
39.335938	6080.0835	0.49756375
39.355469	6047.9448	0.49591318
39.375	6032.2241	0.49420509
39.394531	6005.104	0.49220914
39.414063	5966.3936	0.48939991
39.433594	5944.0571	0.48647809
39.453125	5917.7925	0.48379457
39.472656	5874.728	0.48169571
39.492188	5844.272	0.47934803
39.511719	5815.3774	0.47659016
39.53125	5773.3564	0.47324747
39.550781	5735.7998	0.46979183
39.570313	5707.5508	0.46663579
39.589844	5659.1177	0.46392125
39.609375	5616.5596	0.46090767
39.628906	5584.8169	0.45758086
39.648438	5541.8364	0.45358646
39.667969	5493.4214	0.4498269
39.6875	5456.5142	0.44632745
39.707031	5416.6152	0.443358
39.726563	5362.6138	0.43998259
39.746094	5323.4521	0.43625367
39.765625	5284.6338	0.43199721
39.785156	5230.3579	0.42791283
39.804688	5187.6382	0.42431301
39.824219	5150.1528	0.42100233
39.84375	5096.9536	0.41749436
39.863281	5047.7437	0.41361266
39.882813	5010.3066	0.40927827
39.902344	4959.7686	0.40509266
39.921875	4910.917	0.40148017
39.941406	4871.8242	0.39816901
39.960938	4821.3066	0.3944847
39.980469	4770.5879	0.39045566
40	4731.5444	0.38614568
40.019531	4688.8804	0.38223618
40.039063	4635.7534	0.3790586
40.058594	4595.9746	0.37575829
40.078125	4559.8291	0.37231091
40.097656	4508.8774	0.36840761
40.117188	4468.8496	0.36473227
40.136719	4433.5903	0.36109123
40.15625	4386.0425	0.35816872
40.175781	4346.0664	0.35531539
40.195313	4314.0313	0.35212383
40.214844	4272.4795	0.34852129
40.234375	4229.2944	0.34503484
40.253906	4202.9004	0.34191978
40.273438	4166.0854	0.33949018
40.292969	4126.4292	0.33714992
40.3125	4098.7192	0.33424264
40.332031	4068.7742	0.33113301
40.351563	4030.6416	0.32827348
40.371094	4008.0928	0.32596678
40.390625	3984.8101	0.32411829
40.410156	3948.2883	0.32211858
40.429688	3926.9561	0.31997389
40.449219	3911.156	0.31748521
40.46875	3881.4731	0.31533027
40.488281	3859.4744	0.31385496
40.507813	3850.2756	0.31277415
40.527344	3827.5686	0.31159064
40.546875	3805.1035	0.30997181
40.566406	3803.5642	0.30831462
40.585938	3785.8997	0.30697459
40.605469	3768.5425	0.30627179
40.625	3767.0142	0.30601493
40.644531	3763.6133	0.30550444
40.664063	3745.0764	0.30472761
40.683594	3746.3315	0.30388638
40.703125	3751.1023	0.30333644
40.722656	3739.7556	0.30375984
40.742188	3742.1926	0.30423567
40.761719	3751.2705	0.30444169
40.78125	3747.6416	0.30422175
40.800781	3749.7595	0.30423445
40.820313	3770.6243	0.30459878
40.839844	3773.4587	0.30594003
40.859375	3778.9153	0.30725348
40.878906	3804.4893	0.30845237
40.898438	3814.9414	0.30925599
40.917969	3823.3276	0.31024966
40.9375	3850.7681	0.31165394
40.957031	3869.8945	0.31365132
40.976563	3880.8052	0.31567526
40.996094	3911.2129	0.31745183
41.015625	3938.6697	0.31892538
41.035156	3955.0352	0.32062912
41.054688	3984.3379	0.32303366
41.074219	4020.3708	0.32581514
41.09375	4042.8352	0.32856697
41.113281	4071.4761	0.33093944
41.132813	4112.2944	0.33313569
41.152344	4142.0898	0.33549565
41.171875	4171.3203	0.33863935
41.191406	4215.8755	0.34210297
41.210938	4248.4468	0.34528938
41.230469	4280.168	0.34831315
41.25	4327.6714	0.3510997
41.269531	4368.6118	0.35389391
41.289063	4399.3872	0.35745975
41.308594	4443.9834	0.3612988
41.328125	4489.7148	0.36497054
41.347656	4524.5269	0.36810839
41.367188	4570.2437	0.37131277
41.386719	4620.8145	0.37468371
41.40625	4656.2783	0.37876394
41.425781	4700.2974	0.38281417
41.445313	4754.502	0.38662913
41.464844	4795.8896	0.38979632
41.484375	4834.0586	0.39313599
41.503906	4888.0215	0.39701226
41.523438	4934.5137	0.40139258
41.542969	4973.2134	0.40563551
41.5625	5026.4492	0.40948534
41.582031	5072.3999	0.4127835
41.601563	5110.7485	0.416217
41.621094	5161.5415	0.42004433
41.640625	5212.2095	0.42433167
41.660156	5249.9653	0.42846349
41.679688	5294.6699	0.43216419
41.699219	5347.0674	0.43538764
41.71875	5383.7695	0.43865684
41.738281	5426.7666	0.44239181
41.757813	5476.5557	0.44664785
41.777344	5514.7324	0.45050487
41.796875	5552.5659	0.45369452
41.816406	5602.1548	0.45658106
41.835938	5640.9653	0.45974997
41.855469	5672.4917	0.4633286
41.875	5719.3447	0.46699104
41.894531	5756.6841	0.47037151
41.914063	5785.2495	0.47307763
41.933594	5825.1577	0.47551614
41.953125	5861.2769	0.47810033
41.972656	5879.6797	0.48073906
41.992188	5907.9878	0.4831661
42.011719	5955.9873	0.48661226
42.03125	5977.2729	0.48891073
42.050781	5998.7588	0.49050301
42.070313	6038.001	0.4924522
42.089844	6062.9282	0.49565333
42.109375	6080.8604	0.49811509
42.128906	6108.4106	0.49987
42.148438	6128.77	0.50108659
42.167969	6148.8184	0.50275987
42.1875	6185.8174	0.50521022
42.207031	6203.5923	0.50756937
42.226563	6210.5532	0.50910944
42.246094	6227.2471	0.51015145
42.265625	6244.002	0.51052117
42.285156	6241.1929	0.51084733
42.304688	6252.5107	0.51165354
42.324219	6267.2217	0.51258439
42.34375	6260.2002	0.51340175
42.363281	6263.1987	0.51337337
42.382813	6273.3882	0.5130055
42.402344	6265.167	0.51273489
42.421875	6257.8706	0.51267576
42.441406	6268.7949	0.51302302
42.460938	6258.6377	0.51285809
42.480469	6240.7842	0.5121004
42.5	6243.4946	0.51083905
42.519531	6232.7563	0.50978011
42.539063	6209.9727	0.50901985
42.558594	6202.9419	0.50832123
42.578125	6188.2832	0.50728071
42.597656	6163.6045	0.50557011
42.617188	6147.9424	0.50343907
42.636719	6134.8447	0.50153792
42.65625	6102.6157	0.50019908
42.675781	6078.4043	0.49868134
42.695313	6063.834	0.4968279
42.714844	6031.8301	0.49420401
42.734375	5999.9653	0.49174088
42.753906	5980.1792	0.4890554
42.773438	5945.1392	0.48711228
42.792969	5906.9292	0.48483816
42.8125	5881.9946	0.48213667
42.832031	5847.9736	0.47885913
42.851563	5803.2744	0.47549549
42.871094	5777.5757	0.47263083
42.890625	5741.4937	0.47010466
42.910156	5694.0176	0.46726361
42.929688	5656.396	0.46395227
42.949219	5624.436	0.46022606
42.96875	5576.7446	0.45641497
42.988281	5532.3564	0.45302457
43.007813	5497.7817	0.4500142
43.027344	5449.7466	0.44681311
43.046875	5402.8423	0.44308212
43.066406	5366.8477	0.43893981
43.085938	5319.1221	0.43494213
43.105469	5268.5835	0.43140924
43.125	5228.6641	0.42810959
43.144531	5186.1465	0.42462525
43.164063	5130.5884	0.42058676
43.183594	5090.6563	0.41617608
43.203125	5048.4292	0.412296
43.222656	4993.8438	0.40880439
43.242188	4950.938	0.40544274
43.261719	4913.1011	0.40174526
43.28125	4858.2104	0.39773095
43.300781	4810.6255	0.39333311
43.320313	4771.8057	0.38929287
43.339844	4724.0562	0.38600653
43.359375	4674.5806	0.38264531
43.378906	4637.2969	0.37901881
43.398438	4589.4111	0.37504715
43.417969	4539.7622	0.37108439
43.4375	4505.8291	0.36737844
43.457031	4464.1914	0.3643088
43.476563	4414.9854	0.36137307
43.496094	4380.9893	0.35803211
43.515625	4346.6895	0.35430893
43.535156	4298.0845	0.35064843
43.554688	4262.9102	0.34750256
43.574219	4231.3999	0.34478608
43.59375	4190.5283	0.34225374
43.613281	4153.2695	0.33917767
43.632813	4126.1016	0.33575624
43.652344	4088.0798	0.33268717
43.671875	4051.323	0.33015433
43.691406	4030.7793	0.32809615
43.710938	4001.1946	0.32610136
43.730469	3965.8359	0.3234961
43.75	3948.75	0.32089201
43.769531	3924.1392	0.31854331
43.789063	3893.748	0.31688169
43.808594	3878.0601	0.31561339
43.828125	3862.677	0.3142193
43.847656	3833.429	0.31235266
43.867188	3820.2002	0.31048241
43.886719	3813.8384	0.30885187
43.90625	3792.3933	0.30797553
43.925781	3776.427	0.30753365
43.945313	3777.1575	0.30671129
43.964844	3762.3406	0.30569527
43.984375	3748.0176	0.30450875
44.003906	3755.1416	0.30385572
44.023438	3750.6155	0.30404827
44.042969	3738.8909	0.30443707
44.0625	3747.353	0.30449161
44.082031	3752.8914	0.30405504
44.101563	3744.1035	0.30383408
44.121094	3754.7097	0.30415589
44.140625	3767.8804	0.30506489
44.160156	3764.1226	0.30608433
44.179688	3776.7727	0.30693752
44.199219	3797.0754	0.30732405
44.21875	3800.5166	0.30814573
44.238281	3813.9932	0.30939597
44.257813	3843.2554	0.31127834
44.277344	3856.6099	0.31303361
44.296875	3868.9531	0.31472322
44.316406	3902.6365	0.31606185
44.335938	3923.0115	0.31766713
44.355469	3939.0942	0.31967807
44.375	3972.8865	0.32233953
44.394531	4000.0166	0.32481188
44.414063	4021.1042	0.32684749
44.433594	4055.9717	0.32883868
44.453125	4092.3123	0.33113959
44.472656	4115.2095	0.33399552
44.492188	4153.0737	0.33732051
44.511719	4193.1855	0.3404704
44.53125	4222.957	0.34312463
44.550781	4255.9019	0.34568381
44.570313	4302.6748	0.34857428
44.589844	4338.7046	0.35208964
44.609375	4374.0537	0.35589901
44.628906	4422.7305	0.35946533
44.648438	4461.0708	0.36256221
44.667969	4496.1655	0.36559105
44.6875	4547.4741	0.36891985
44.707031	4591.7124	0.37286448
44.726563	4626.811	0.37693277
44.746094	4675.2192	0.38075206
44.765625	4727.3301	0.38387209
44.785156	4763.3286	0.38725343
44.804688	4811.1533	0.39116812
44.824219	4863.002	0.3953681
44.84375	4901.8047	0.39954412
44.863281	4945.4707	0.40351436
44.882813	4999.4204	0.40682539
44.902344	5042.9639	0.4103553
44.921875	5083.3613	0.41412795
44.941406	5137.4956	0.4185676
44.960938	5183.6089	0.42256922
44.980469	5220.9521	0.42620811
45	5272.7437	0.42947498
45.019531	5319.2422	0.43310755
45.039063	5359.4707	0.43717232
45.058594	5411.9849	0.4414168
45.078125	5459.1753	0.44537839
45.097656	5492.2505	0.44888729
45.117188	5536.4023	0.45181346
45.136719	5585.6196	0.45496583
45.15625	5619.0757	0.45846814
45.175781	5656.9399	0.46233767
45.195313	5702.3389	0.46581829
45.214844	5735.981	0.46873897
45.234375	5769.167	0.4712218
45.253906	5815.2661	0.47404933
45.273438	5846.502	0.47728091
45.292969	5872.4941	0.48065597
45.3125	5914.1377	0.4835169
45.332031	5946.4678	0.48573035
45.351563	5966.5161	0.48775151
45.371094	6001.1245	0.49003634
45.390625	6037.0059	0.4930566
45.410156	6054.5283	0.49584594
45.429688	6082.9673	0.49800548
45.449219	6114.7051	0.49950135
45.46875	6125.9883	0.50099337
45.488281	6145.8325	0.50257748
45.507813	6174.7832	0.50461608
45.527344	6185.6089	0.50646633
45.546875	6194.7549	0.50779581
45.566406	6218.623	0.50861573
45.585938	6227.5112	0.50918669
45.605469	6230.854	0.51026857
45.625	6249.5938	0.51148754
45.644531	6256.2344	0.5124414
45.664063	6251.2065	0.51283222
45.683594	6262.8887	0.51263177
45.703125	6271.229	0.51256001
45.722656	6259.5757	0.51270783
45.742188	6260.6221	0.51312542
45.761719	6267.7061	0.51332003
45.78125	6254.2354	0.51277035
45.800781	6248.9209	0.51196182
45.820313	6251.1182	0.51106972
45.839844	6232.3711	0.51049882
45.859375	6215.2144	0.51003534
45.878906	6214.332	0.50915486
45.898438	6195.2451	0.50756645
45.917969	6169.2168	0.50591677
45.9375	6161.7749	0.50409383
45.957031	6142.3081	0.50280893
45.976563	6111.4849	0.50149626
45.996094	6095.7344	0.49999177
46.015625	6076.5459	0.49768305
46.035156	6041.9087	0.49516436
46.054688	6021.1162	0.49277854
46.074219	5999.436	0.49100187
46.09375	5958.9521	0.48889604
46.113281	5927.7334	0.4863497
46.132813	5906.2563	0.48331714
46.152344	5863.1704	0.48013124
46.171875	5825.6226	0.47713649
46.191406	5798.0264	0.47482997
46.210938	5758.3257	0.47220373
46.230469	5712.0947	0.46889895
46.25	5682.4512	0.46528131
46.269531	5643.4429	0.46170276
46.289063	5595.2764	0.45838642
46.308594	5561.1455	0.45549989
46.328125	5522.4131	0.45243376
46.347656	5471.2705	0.44881403
46.367188	5429.0225	0.44472757
46.386719	5391.897	0.44082731
46.40625	5340.1118	0.4372333
46.425781	5295.6362	0.43400747
46.445313	5261.187	0.43063074
46.464844	5206.7944	0.42657596
46.484375	5157.4268	0.42217934
46.503906	5120.394	0.41815013
46.523438	5072.3389	0.41457272
46.542969	5019.6572	0.41128907
46.5625	4978.5068	0.40761954
46.582031	4934.4263	0.40346676
46.601563	4879.9141	0.39919549
46.621094	4840.8359	0.39511758
46.640625	4799.52	0.3916854
46.660156	4745.3726	0.38856155
46.679688	4704.1611	0.38492197
46.699219	4665.9961	0.38083386
46.71875	4614.8457	0.37679827
46.738281	4567.8462	0.3728866
46.757813	4533.791	0.36962733
46.777344	4488.6919	0.36670357
46.796875	4441.5239	0.36346868
46.816406	4408.5771	0.35953069
46.835938	4365.7876	0.35576707
46.855469	4321.2456	0.352579
46.875	4290.3174	0.34972772
46.894531	4253.1143	0.34694183
46.914063	4208.6567	0.34394407
46.933594	4177.9731	0.3404811
46.953125	4149.6724	0.33730185
46.972656	4105.3755	0.33435541
46.992188	4075.0718	0.33212242
47.011719	4049.5046	0.32988995
47.03125	4013.0906	0.32734171
47.050781	3982.375	0.32435533
47.070313	3965.6133	0.32186514
47.089844	3934.8862	0.31974256
47.109375	3903.9744	0.31826103
47.128906	3893.5718	0.31671229
47.148438	3871.2527	0.31490996
47.167969	3844.3799	0.31277412
47.1875	3834.4019	0.31099096
47.207031	3818.5159	0.30965936
47.226563	3793.8887	0.30896601
47.246094	3787.1436	0.30813175
47.265625	3781.623	0.30689281
47.285156	3760.9609	0.30561861
47.304688	3755.6477	0.30465457
47.324219	3758.79	0.30440912
47.34375	3744.4395	0.30445522
47.363281	3739.3835	0.30433559
47.382813	3748.6738	0.30377799
47.402344	3742.446	0.30335829
47.421875	3736.0583	0.30331668
47.441406	3753.2051	0.30389738
47.460938	3755.7722	0.30481791
47.480469	3753.2959	0.30546153
47.5	3770.7222	0.30564132
47.519531	3784.157	0.30615008
47.539063	3788.458	0.30695078
47.558594	3806.6868	0.30871066
47.578125	3826.0752	0.31036907
47.597656	3835.2542	0.31180522
47.617188	3858.1265	0.31283572
47.636719	3886.5466	0.31419134
47.65625	3900.7539	0.3159619
47.675781	3920.8345	0.31849995
47.695313	3956.6543	0.32090211
47.714844	3976.5042	0.32288465
47.734375	4000.1326	0.32466382
47.753906	4037.499	0.3268137
47.773438	4066.2327	0.32938558
47.792969	4090.5486	0.33256179
47.8125	4131.4985	0.33556837
47.832031	4165.9888	0.33822206
47.851563	4192.7412	0.34060258
47.871094	4233.8262	0.34322408
47.890625	4275.3555	0.34650904
47.910156	4305.1626	0.35016793
47.929688	4347.7241	0.35377681
47.949219	4396.3096	0.35694507
47.96875	4430.3882	0.35986987
47.988281	4471.0557	0.36316198
48.007813	4520.5942	0.36684293
48.027344	4558.1709	0.37086692
48.046875	4595.7437	0.37455413
48.066406	4650.2651	0.37789232
48.085938	4692.7861	0.38110238
48.105469	4731.0156	0.38466945
48.125	4784.6279	0.3889066
48.144531	4831.5264	0.39303347
48.164063	4867.8599	0.39697254
48.183594	4916.5737	0.40025476
48.203125	4967.3501	0.40360454
48.222656	5005.3755	0.40740585
48.242188	5052.8535	0.41166428
48.261719	5107.083	0.41591701
48.28125	5146.5039	0.41981959
48.300781	5190.3203	0.42323115
48.320313	5243.6724	0.42677903
48.339844	5284.6938	0.43041617
48.359375	5321.8687	0.43468755
48.378906	5373.6675	0.43847039
48.398438	5421.5532	0.44240838
48.417969	5462.77	0.44588938
48.4375	5512.2056	0.44916058
48.457031	5553.5752	0.45259658
48.476563	5584.603	0.45648205
48.496094	5629.3086	0.46002841
48.515625	5673.9629	0.46319219
48.535156	5704.8755	0.46591815
48.554688	5743.2495	0.46885249
48.574219	5787.9438	0.47215208
48.59375	5816.729	0.47557062
48.613281	5850.5815	0.47872502
48.632813	5891.4072	0.48111224
48.652344	5917.5903	0.48332301
48.671875	5944.8901	0.48573998
48.691406	5984.458	0.48853302
48.710938	6010.9507	0.49137428
48.730469	6029.7671	0.49396074
48.75	6063.9678	0.49565935
48.769531	6087.5308	0.49736404
48.789063	6101.3867	0.49903202
48.808594	6129.9053	0.50120133
48.828125	6152.0015	0.50326884
48.847656	6159.4854	0.50499582
48.867188	6180.9399	0.50590283
48.886719	6205.2432	0.50677109
48.90625	6209.1187	0.50794029
48.925781	6220.1055	0.5094173
48.945313	6241.0786	0.5106349
48.964844	6241.0176	0.51139903
48.984375	6243.8042	0.51153558
49.003906	6258.5073	0.5115664
49.023438	6258.4409	0.51194954
49.042969	6251.7104	0.51271033
49.0625	6263.9927	0.51303953
49.082031	6263.6714	0.51284134
49.101563	6246.7466	0.51212519
49.121094	6251.6084	0.51149493
49.140625	6251.1636	0.51112366
49.160156	6230.6235	0.51104659
49.179688	6223.0107	0.51040179
49.199219	6218.7549	0.5091365
49.21875	6194.9165	0.50765491
49.238281	6179.686	0.50607193
49.257813	6171.0352	0.50485229
49.277344	6146.4507	0.50381279
49.296875	6119.333	0.50236285
49.316406	6109.2529	0.50042498
49.335938	6082.4443	0.49794927
49.355469	6051.6597	0.4957273
49.375	6033.981	0.49404708
49.394531	6006.5161	0.49218255
49.414063	5968.7085	0.49019751
49.433594	5947.1973	0.48723119
49.453125	5916.3887	0.48408842
49.472656	5872.77	0.48117939
49.492188	5844.0181	0.47866893
49.511719	5815.8818	0.47641966
49.53125	5772.8232	0.47354519
49.550781	5735.2427	0.47029153
49.570313	5705.9053	0.46670157
49.589844	5661.6719	0.46348828
49.609375	5619.5933	0.46068579
49.628906	5588.2368	0.45765164
49.648438	5541.8135	0.45427012
49.667969	5494.7017	0.45033529
49.6875	5458.8936	0.44652268
49.707031	5418.228	0.44272596
49.726563	5362.7114	0.43962958
49.746094	5323.6816	0.43641955
49.765625	5284.4648	0.43247217
49.785156	5231.9556	0.42816296
49.804688	5189.0918	0.42404148
49.824219	5147.8535	0.42044741
49.84375	5094.3735	0.41724849
49.863281	5047.8672	0.41382596
49.882813	5011.4746	0.40971178
49.902344	4960.7539	0.4053728
49.921875	4908.7383	0.40133986
49.941406	4870.1597	0.39758259
49.960938	4820.9536	0.39426503
49.980469	4769.2153	0.39063898
50	4730.6313	0.38670915
50.019531	4686.6294	0.38236693
50.039063	4633.3896	0.37843317
50.058594	4596.4253	0.37514955
50.078125	4558.4487	0.37195408
50.097656	4505.3618	0.36870635
50.117188	4464.7754	0.3648482
50.136719	4431.856	0.36098504
50.15625	4386.3677	0.35734785
50.175781	4343.9419	0.35452092
50.195313	4311.2642	0.35176599
50.214844	4268.6553	0.34866688
50.234375	4229.4575	0.34521586
50.253906	4201.7246	0.34182864
50.273438	4162.4609	0.33860391
50.292969	4120.5923	0.33626705
50.3125	4097.5767	0.3339355
50.332031	4066.7039	0.33135411
50.351563	4028.5725	0.32828119
50.371094	4003.8242	0.32550725
50.390625	3981.5483	0.32308322
50.410156	3945.2717	0.32141623
50.429688	3924.6316	0.31982899
50.449219	3908.0164	0.31776249
50.46875	3876.3774	0.31538641
50.488281	3854.6377	0.31338251
50.507813	3847.1738	0.31180841
50.527344	3824.2161	0.31088108
50.546875	3801.6484	0.30978295
50.566406	3798.0588	0.30840576
50.585938	3783.1218	0.30690455
50.605469	3761.9194	0.30555752
50.625	3765.0273	0.30506295
50.644531	3758.0007	0.30496818
50.664063	3739.7393	0.30465075
50.683594	3743.1624	0.30394557
50.703125	3747.5757	0.30322164
50.722656	3734.8948	0.3029471
50.742188	3736.9951	0.30324364
50.761719	3750.144	0.30402589
50.78125	3742.7825	0.3043634
50.800781	3747.6824	0.30441016
50.820313	3768.9309	0.30475384
50.839844	3771.989	0.305316
50.859375	3777.5776	0.30667982
50.878906	3801.9043	0.3082833
50.898438	3813.0203	0.30956951
50.917969	3820.3564	0.3104403
50.9375	3847.1416	0.31150126
50.957031	3869.8335	0.31302303
50.976563	3880.5168	0.31510431
50.996094	3908.2302	0.31724855
51.015625	3937.2075	0.31941667
51.035156	3953.5303	0.3209703
51.054688	3982.4448	0.32269514
51.074219	4019.6238	0.32489955
51.09375	4039.8865	0.32790762
51.113281	4067.7761	0.33083576
51.132813	4109.3389	0.33346945
51.152344	4137.9897	0.33566102
51.171875	4166.6279	0.33815587
51.191406	4212.6147	0.34128544
51.210938	4244.1899	0.34468946
51.230469	4274.8071	0.34803855
51.25	4320.7788	0.35113275
51.269531	4362.4585	0.35383639
51.289063	4393.7217	0.35695043
51.308594	4440.3892	0.36057922
51.328125	4488.458	0.36445957
51.347656	4520.4072	0.36820507
51.367188	4564.2329	0.37144753
51.386719	4614.8481	0.37470806
51.40625	4652.8071	0.3780733
51.425781	4697.1704	0.3820045
51.445313	4751.6299	0.38630736
51.464844	4789.4912	0.39019424
51.484375	4830.937	0.39375663
51.503906	4885.707	0.39692029
51.523438	4930.2026	0.40043923
51.542969	4969.0938	0.40479854
51.5625	5021.0186	0.40915969
51.582031	5069.4702	0.41312754
51.601563	5108.2686	0.41652051
51.621094	5158.2715	0.42005181
51.640625	5209.6309	0.42377236
51.660156	5246.1343	0.42800412
51.679688	5293.0562	0.4321087
51.699219	5345.4526	0.43582338
51.71875	5383.8945	0.43907705
51.738281	5423.0957	0.44236329
51.757813	5475.2495	0.44582641
51.777344	5514.0723	0.45000046
51.796875	5551.3135	0.45373595
51.816406	5599.2109	0.45717978
51.835938	5637.3774	0.46007913
51.855469	5669.2832	0.46289706
51.875	5714.8242	0.46622053
51.894531	5755.5469	0.46986252
51.914063	5782.3789	0.47315568
51.933594	5823.6064	0.47603929
51.953125	5861.689	0.47839478
51.972656	5886.6563	0.48084423
51.992188	5920.853	0.48359066
52.011719	5956.3667	0.48657086
52.03125	5977.7808	0.48938665
52.050781	6006.8887	0.49164444
52.070313	6043.0391	0.49345508
52.089844	6063.0615	0.49526069
52.109375	6081.5591	0.49758372
52.128906	6112.6699	0.49990609
52.148438	6128.166	0.5016712
52.167969	6141.4209	0.50299054
52.1875	6166.1558	0.50396216
52.207031	6183.5483	0.50510925
52.226563	6189.4067	0.50680113
52.246094	6212.5137	0.50849628
52.265625	6230.7241	0.50986534
52.285156	6228.3364	0.51038331
52.304688	6241.3823	0.51076084
52.324219	6254.8682	0.5111739
52.34375	6250.6182	0.51197749
52.363281	6251.3877	0.51258194
52.382813	6263.2607	0.51286334
52.402344	6253.3999	0.51231724
52.421875	6248.7368	0.5118016
52.441406	6258.6104	0.51150489
52.460938	6248.603	0.51171553
52.480469	6230.519	0.5114736
52.5	6231.3696	0.51065141
52.519531	6220.4976	0.5090611
52.539063	6194.9092	0.50771171
52.558594	6188.7134	0.50658292
52.578125	6177.7266	0.5058251
52.597656	6149.354	0.50474751
52.617188	6135.71	0.50315189
52.636719	6122.9419	0.50082242
52.65625	6089.3052	0.49878383
52.675781	6067.4473	0.49714047
52.695313	6051.6699	0.49553263
52.714844	6018.1172	0.49368459
52.734375	5983.3022	0.4910726
52.753906	5965.5098	0.48820674
52.773438	5933.2646	0.48543447
52.792969	5895.1592	0.48317766
52.8125	5870.8799	0.4809207
52.832031	5836.8296	0.47852451
52.851563	5791.7329	0.47524482
52.871094	5762.7915	0.4717834
52.890625	5731.0161	0.46836302
52.910156	5681.1182	0.46559927
52.929688	5645.5698	0.46289593
52.949219	5611.8325	0.45983958
52.96875	5564.2451	0.45603693
52.988281	5522.4287	0.45211557
53.007813	5487.894	0.44851518
53.027344	5440.0811	0.44544882
53.046875	5392.3501	0.44214672
53.066406	5356.8428	0.43882385
53.085938	5309.2969	0.43457001
53.105469	5258.0361	0.43054891
53.125	5220.8071	0.42664334
53.144531	5176.8569	0.423177
53.164063	5121.146	0.41970152
53.183594	5077.855	0.41587117
53.203125	5037.1948	0.41155022
53.222656	4985.6475	0.40741235
53.242188	4942.8218	0.40374082
53.261719	4901.2993	0.40047324
53.28125	4848.5815	0.39694741
53.300781	4801.3789	0.39300865
53.320313	4763.7144	0.38867396
53.339844	4714.957	0.38459864
53.359375	4665.457	0.38105673
53.378906	4628.3057	0.37785384
53.398438	4583.7251	0.37464365
53.417969	4534.4985	0.37087563
53.4375	4500.5225	0.36684853
53.457031	4456.8408	0.36310288
53.476563	4407.6401	0.3599363
53.496094	4372.7061	0.35710213
53.515625	4338.3076	0.3539516
53.535156	4292.9751	0.35052466
53.554688	4257.4194	0.3469643
53.574219	4226.8101	0.3437196
53.59375	4184.0005	0.34098786
53.613281	4145.0986	0.33848482
53.632813	4121.0249	0.33580989
53.652344	4082.3499	0.33277944
53.671875	4048.8936	0.32979858
53.691406	4028.418	0.32715827
53.710938	3998.3318	0.32507208
53.730469	3961.8235	0.32339704
53.75	3944.6294	0.32122684
53.769531	3923.2146	0.31873417
53.789063	3890.613	0.31634635
53.808594	3874.1133	0.31454965
53.828125	3860.7788	0.31343263
53.847656	3831.3657	0.3122409
53.867188	3817.7881	0.3108668
53.886719	3812.0854	0.30911148
53.90625	3788.8552	0.30752426
53.925781	3774.4944	0.30656186
53.945313	3774.2078	0.30621073
53.964844	3760.5837	0.30576488
53.984375	3747.2544	0.30491468
54.003906	3751.0879	0.30401492
54.023438	3745.7253	0.30327523
54.042969	3735.6077	0.30329552
54.0625	3745.9167	0.30370146
54.082031	3748.7856	0.30413088
54.101563	3739.4587	0.30412832
54.121094	3748.9685	0.30398196
54.140625	3763.6848	0.30406174
54.160156	3759.478	0.30498612
54.179688	3771.958	0.3063179
54.199219	3792.6833	0.3076033
54.21875	3798.3926	0.3083168
54.238281	3810.4602	0.30920866
54.257813	3840.4226	0.31031162
54.277344	3851.8726	0.31224146
54.296875	3865.7407	0.31434926
54.316406	3898.7637	0.31622785
54.335938	3918.7141	0.3177138
54.355469	3935.5217	0.31923693
54.375	3968.8718	0.32126695
54.394531	3997.0874	0.32386178
54.414063	4017.5505	0.32667089
54.433594	4051.9243	0.32909635
54.453125	4088.1023	0.3310917
54.472656	4110.2476	0.33340779
54.492188	4148.084	0.33605343
54.511719	4189.875	0.33954149
54.53125	4217.5366	0.3428784
54.550781	4252.5957	0.3458519
54.570313	4298.8955	0.34843031
54.589844	4331.2593	0.35129908
54.609375	4368.5425	0.35470992
54.628906	4418.8579	0.35873389
54.648438	4459.4849	0.36258224
54.667969	4495.3203	0.36596555
54.6875	4545.9497	0.36905977
54.707031	4588.9849	0.37220877
54.726563	4625.5479	0.37604555
54.746094	4672.0425	0.38013679
54.765625	4724.0117	0.3842136
54.785156	4759.3096	0.38781163
54.804688	4806.6226	0.3910675
54.824219	4859.2617	0.39454752
54.84375	4897.9063	0.39875662
54.863281	4944.7778	0.4028326
54.882813	4998.2861	0.40710357
54.902344	5039.8208	0.41058812
54.921875	5081.9497	0.41404164
54.941406	5140.0293	0.41792241
54.960938	5184.9902	0.42212608
54.980469	5225.002	0.4263638
55	5274.1934	0.43020979
55.019531	5319.3843	0.43360758
55.039063	5355.8081	0.43680337
55.058594	5406.1494	0.44021621
55.078125	5451.1226	0.4443329
55.097656	5484.0117	0.44820517
55.117188	5528.7788	0.45178401
55.136719	5578.1807	0.45479858
55.15625	5613.0786	0.45793772
55.175781	5651.1099	0.4612366
55.195313	5698.4146	0.46501428
55.214844	5730.8032	0.46857136
55.234375	5764.8711	0.47166187
55.253906	5810.8799	0.47410831
55.273438	5841.2041	0.47665334
55.292969	5869.2847	0.47953919
55.3125	5910.6816	0.48279387
55.332031	5941.6284	0.48571333
55.351563	5963.4326	0.48815149
55.371094	5996.9443	0.4900952
55.390625	6029.71	0.49203873
55.410156	6047.0283	0.49440247
55.429688	6073.2329	0.49696475
55.449219	6104.3804	0.49925712
55.46875	6114.8491	0.50076973
55.488281	6136.7344	0.50209236
55.507813	6164.4575	0.50339335
55.527344	6174.3979	0.50504744
55.546875	6184.395	0.50678003
55.566406	6214.5039	0.50840771
55.585938	6227.314	0.50978947
55.605469	6232.1826	0.51035053
55.625	6251.9424	0.51097745
55.644531	6259.3843	0.5120123
55.664063	6253.0864	0.51292729
55.683594	6265.397	0.51332176
55.703125	6272.709	0.51317793
55.722656	6262.5405	0.51280129
55.742188	6263.2305	0.51269841
55.761719	6271.999	0.51298428
55.78125	6257.7598	0.51310551
55.800781	6251.8608	0.51299495
55.820313	6254.3608	0.51185322
55.839844	6234.3608	0.51052374
55.859375	6218.144	0.50950956
55.878906	6218.0225	0.50893074
55.898438	6196.2012	0.50792807
55.917969	6172.1489	0.50674808
55.9375	6164.4087	0.50473619
55.957031	6144.4346	0.50272149
55.976563	6112.1304	0.50096089
55.996094	6097.7358	0.49965814
56.015625	6075.46	0.49792901
56.035156	6039.7207	0.49573004
56.054688	6016.2427	0.49308294
56.074219	5994.6738	0.49026668
56.09375	5954.7856	0.48796001
56.113281	5923.2373	0.48590046
56.132813	5901.146	0.48361334
56.152344	5862.8022	0.48059699
56.171875	5824.3159	0.47739014
56.191406	5798.3237	0.47429609
56.210938	5759.2148	0.47145668
56.230469	5713.9937	0.46892875
56.25	5681.7939	0.46583515
56.269531	5643.0249	0.462185
56.289063	5592.938	0.45850572
56.308594	5559.1235	0.45479354
56.328125	5521.9097	0.45174244
56.347656	5469.2261	0.44851929
56.367188	5428.7915	0.44518882
56.386719	5389.8335	0.44102904
56.40625	5338.4756	0.4369787
56.425781	5296.7954	0.43329212
56.445313	5258.0776	0.42988938
56.464844	5206.7275	0.42651373
56.484375	5156.6206	0.42271939
56.503906	5120.1235	0.41855651
56.523438	5070.4272	0.41418606
56.542969	5019.1763	0.41039771
56.5625	4978.5776	0.40697443
56.582031	4934.8809	0.40361926
56.601563	4879.189	0.39974988
56.621094	4838.665	0.39533579
56.640625	4796.8076	0.39111292
56.660156	4743.75	0.38740617
56.679688	4700.1577	0.38423774
56.699219	4662.252	0.38085401
56.71875	4611.4004	0.37715909
56.738281	4564.6284	0.37292305
56.757813	4531.2671	0.36907011
56.777344	4484.5356	0.36568832
56.796875	4438.7114	0.36277011
56.816406	4406.0889	0.35971862
56.835938	4362.5391	0.35609666
56.855469	4316.9507	0.35241458
56.875	4287.2285	0.34885141
56.894531	4249.29	0.34585476
56.914063	4201.8794	0.34308791
56.933594	4169.7725	0.34038648
56.953125	4142.2856	0.33716443
56.972656	4101.5649	0.3341589
56.992188	4071.9834	0.33116627
57.011719	4047.1646	0.32897657
57.03125	4010.574	0.32692793
57.050781	3983.1631	0.32476723
57.070313	3964.1682	0.32218578
57.089844	3931.7371	0.31957003
57.109375	3904.2949	0.31740069
57.128906	3890.0295	0.31591669
57.148438	3868.1787	0.31456235
57.167969	3840.4565	0.31314921
57.1875	3830.344	0.31107333
57.207031	3817.2549	0.30942255
57.226563	3792.2639	0.30814257
57.246094	3785.0857	0.30744794
57.265625	3780.8303	0.30692858
57.285156	3757.8411	0.30597231
57.304688	3752.2295	0.30473414
57.324219	3756.4788	0.30383411
57.34375	3741.657	0.30337656
57.363281	3734.4861	0.30364546

Data Acquisition						Time:	70.697266	s	2/8/2024 2:47:44 PM
Time	Ch 1 Force	Bolt
s	N	V
57.382813	3744.8386	0.3037872
57.402344	3741.2458	0.30376565
57.421875	3735.4387	0.30337024
57.441406	3751.0679	0.30333605
57.460938	3753.0735	0.30385846
57.480469	3749.4548	0.30490792
57.5	3769.6187	0.30584222
57.519531	3783.2241	0.30656159
57.539063	3782.873	0.30699053
57.558594	3801.0498	0.30799282
57.578125	3826.0957	0.30945975
57.597656	3832.6064	0.31137592
57.617188	3853.8596	0.31321055
57.636719	3883.0671	0.31441587
57.65625	3896.6973	0.31580752
57.675781	3919.1667	0.31749165
57.695313	3954.8352	0.31995869
57.714844	3974.6187	0.32259133
57.734375	3994.1709	0.32502833
57.753906	4034.917	0.32703781
57.773438	4062.3418	0.32899821
57.792969	4087.1252	0.33152676
57.8125	4127.0542	0.33463973
57.832031	4161.6738	0.33772498
57.851563	4189.4341	0.34066993
57.871094	4231.7148	0.34317756
57.890625	4273.2842	0.34593719
57.910156	4299.5581	0.3490108
57.929688	4340.2134	0.35287976
57.949219	4388.3745	0.35647008
57.96875	4422.9844	0.35990036
57.988281	4464.0015	0.36273405
58.007813	4516.3623	0.36628965
58.027344	4555.6416	0.36999884
58.046875	4596.1665	0.37404525
58.066406	4648.5874	0.37802044
58.085938	4688.835	0.38141572
58.105469	4726.8877	0.38462356
58.125	4779.7876	0.38802761
58.144531	4826.9341	0.39195564
58.164063	4864.5947	0.3963092
58.183594	4913.5801	0.40048298
58.203125	4965.666	0.4040809
58.222656	5003.4097	0.40737286
58.242188	5051.3247	0.41098371
58.261719	5105.3569	0.41512686
58.28125	5141.918	0.41939819
58.300781	5185.5967	0.42346817
58.320313	5240.5854	0.42684436
58.339844	5280.2368	0.43010291
58.359375	5321.3188	0.43367681
58.378906	5373.167	0.43795544
58.398438	5415.2466	0.44183624
58.417969	5451.8975	0.4455879
58.4375	5502.6758	0.44877872
58.457031	5544.7451	0.45174539
58.476563	5577.3232	0.45505005
58.496094	5623.8989	0.45897275
58.515625	5668.4229	0.46263561
58.535156	5700.0605	0.46612406
58.554688	5738.9932	0.4689647
58.574219	5785.978	0.47164381
58.59375	5811.9814	0.47459888
58.613281	5847.3042	0.47800571
58.632813	5889.2036	0.48118818
58.652344	5915.0835	0.4838711
58.671875	5942.8608	0.4858492
58.691406	5982.6655	0.48825431
58.710938	6006.6475	0.49056306
58.730469	6025.3696	0.49333259
58.75	6062.1318	0.49590707
58.769531	6085.6113	0.49771264
58.789063	6098.2305	0.49913228
58.808594	6126.9004	0.50065529
58.828125	6150.5957	0.50249863
58.847656	6158.8691	0.50453299
58.867188	6179.6064	0.50627196
58.886719	6203.3569	0.50719732
58.90625	6204.7036	0.50790048
58.925781	6215.3706	0.50864017
58.945313	6236.3125	0.50982463
58.964844	6236.918	0.51086789
58.984375	6237.9482	0.51161551
59.003906	6255.8872	0.51193184
59.023438	6256.4155	0.51184529
59.042969	6247.813	0.51178062
59.0625	6260.646	0.51216578
59.082031	6259.6963	0.51254416
59.101563	6242.7681	0.51245564
59.121094	6248.855	0.51172984
59.140625	6248.0752	0.51085156
59.160156	6227.4185	0.51015818
59.179688	6218.7085	0.50962454
59.199219	6214.4536	0.50906646
59.21875	6188.7417	0.50789303
59.238281	6173.7373	0.50618351
59.257813	6168.7515	0.5045386
59.277344	6141.1138	0.50276065
59.296875	6117.2534	0.50174296
59.316406	6106.9351	0.50026667
59.335938	6080.0869	0.49841461
59.355469	6047.3877	0.49590197
59.375	6031.229	0.49349874
59.394531	6004.9932	0.49121708
59.414063	5965.5332	0.48948926
59.433594	5942.0288	0.48723283
59.453125	5914.1577	0.48464185
59.472656	5873.9736	0.48153713
59.492188	5843.0332	0.47844106
59.511719	5817.3398	0.47577256
59.53125	5772.4795	0.47337985
59.550781	5733.3188	0.47065532
59.570313	5703.542	0.46716547
59.589844	5660.6265	0.46350715
59.609375	5618.3296	0.46005812
59.628906	5585.1011	0.45690489
59.648438	5540.2954	0.45393127
59.667969	5490.125	0.45067191
59.6875	5455.5361	0.44672513
59.707031	5413.7339	0.44281471
59.726563	5360.4106	0.43911901
59.746094	5321.7705	0.4357447
59.765625	5282.9702	0.43259519
59.785156	5230.6133	0.42891142
59.804688	5186.2061	0.42469889
59.824219	5147.0161	0.4205139
59.84375	5094.3389	0.4165051
59.863281	5046.1235	0.41310674
59.882813	5009.7607	0.40967706
59.902344	4957.6816	0.40601817
59.921875	4906.0776	0.40161195
59.941406	4867.5918	0.39735344
59.960938	4823.2803	0.39361995
59.980469	4769.3115	0.39040956
60	4730.7197	0.3869209
60.019531	4689.0015	0.38315392
60.039063	4637.3521	0.37899268
60.058594	4597.1274	0.37501779
60.078125	4559.0718	0.3714439
60.097656	4506.7861	0.36849973
60.117188	4467.3096	0.36538231
60.136719	4430.7515	0.3617768
60.15625	4383.7334	0.35765731
60.175781	4340.9614	0.35401896
60.195313	4308.1636	0.35078183
60.214844	4265.8662	0.34810704
60.234375	4225.8198	0.34538937
60.253906	4200.4185	0.3422665
60.273438	4161.75	0.33889711
60.292969	4123.1719	0.33577728
60.3125	4096.6904	0.33329394
60.332031	4066.9185	0.33110547
60.351563	4026.9946	0.32876122
60.371094	4002.5859	0.32602459
60.390625	3979.4319	0.3231487
60.410156	3943.7021	0.32075155
60.429688	3922.573	0.3190181
60.449219	3906.6111	0.31756967
60.46875	3875.7065	0.31599048
60.488281	3856.061	0.31391236
60.507813	3847.5115	0.31193173
60.527344	3823.4167	0.31027231
60.546875	3801.033	0.30939266
60.566406	3798.7688	0.30860737
60.585938	3783.6226	0.3075487
60.605469	3765.634	0.30628282
60.625	3763.8188	0.30505535
60.644531	3757.2681	0.30433953
60.664063	3742.8223	0.30430627
60.683594	3743.3596	0.30423665
60.703125	3748.6814	0.3040072
60.722656	3734.814	0.30334416
60.742188	3737.2371	0.30307162
60.761719	3752.2834	0.3032583
60.78125	3745.4646	0.30409724
60.800781	3748.0835	0.30485278
60.820313	3765.2378	0.30511588
60.839844	3767.9001	0.30544665
60.859375	3775.9854	0.30605596
60.878906	3800.1807	0.30747736
60.898438	3811.9065	0.30914748
60.917969	3817.6091	0.31069633
60.9375	3847.1252	0.31195447
60.957031	3869.2468	0.31312647
60.976563	3882.4226	0.31471017
60.996094	3909.0276	0.31672981
61.015625	3938.1985	0.31920511
61.035156	3953.4993	0.32146928
61.054688	3984.7249	0.32336706
61.074219	4021.6914	0.32535589
61.09375	4042.6006	0.32765514
61.113281	4072.178	0.33048388
61.132813	4113.2544	0.33353931
61.152344	4140.4736	0.33643413
61.171875	4168.1021	0.33881751
61.191406	4213.8491	0.34135002
61.210938	4247.897	0.34415516
61.230469	4278.9229	0.34776124
61.25	4326.6494	0.35142842
61.269531	4364.1934	0.35461283
61.289063	4395.1929	0.35746175
61.308594	4441.916	0.3605561
61.328125	4490.7539	0.36399102
61.347656	4521.9839	0.36784914
61.367188	4566.1152	0.37172395
61.386719	4617.8691	0.37537828
61.40625	4653.8608	0.37841585
61.425781	4699.834	0.38180029
61.445313	4750.7817	0.3856343
61.464844	4790.6221	0.38996294
61.484375	4833.7471	0.3941173
61.503906	4885.998	0.39757344
61.523438	4930.2905	0.40095752
61.542969	4969.4644	0.40451053
61.5625	5022.4175	0.40850458
61.582031	5072.9282	0.41307771
61.601563	5110.8164	0.41700098
61.621094	5159.1255	0.42062896
61.640625	5206.499	0.42389446
61.660156	5245.8076	0.42731923
61.679688	5292.1392	0.43135047
61.699219	5343.9502	0.43558839
61.71875	5380.3799	0.43951446
61.738281	5424.3701	0.44292542
61.757813	5475.9644	0.44603661
61.777344	5513.3359	0.44934422
61.796875	5550.0977	0.45313242
61.816406	5599.9771	0.45709458
61.835938	5638.1938	0.46065333
61.855469	5671.4644	0.46347892
61.875	5716.9121	0.46619022
61.894531	5756.8184	0.46927351
61.914063	5783.4243	0.47273254
61.933594	5824.5859	0.47618192
61.953125	5861.5913	0.47901845
61.972656	5886.5732	0.48124507
61.992188	5920.8643	0.48357743
62.011719	5958.3608	0.48603746
62.03125	5980.1719	0.48896194
62.050781	6009.1758	0.49186781
62.070313	6043.9136	0.49406871
62.089844	6060.7578	0.49565756
62.109375	6082.5034	0.49745309
62.128906	6115.7642	0.49949083
62.148438	6133.5347	0.50173366
62.167969	6145.7637	0.50360489
62.1875	6170.8447	0.50514197
62.207031	6189.4487	0.50603694
62.226563	6192.7988	0.50679928
62.246094	6214.0732	0.50808346
62.265625	6229.1709	0.50973201
62.285156	6227.25	0.51077145
62.304688	6238.2637	0.51115847
62.324219	6254.5044	0.51119661
62.34375	6249.2891	0.51148188
62.363281	6251.7266	0.51217628
62.382813	6265.5903	0.51286137
62.402344	6256.9502	0.51308149
62.421875	6250.2949	0.51250744
62.441406	6257.8779	0.51185077
62.460938	6251.2407	0.51126111
62.480469	6236.3936	0.51122421
62.5	6234.8765	0.51090246
62.519531	6224.2568	0.50999355
62.539063	6198.9849	0.50853229
62.558594	6195.1499	0.50714391
62.578125	6181.895	0.50568599
62.597656	6153.8213	0.50465715
62.617188	6137.5098	0.50333416
62.636719	6123.7241	0.50169826
62.65625	6092.7158	0.49945742
62.675781	6070.1035	0.49722022
62.695313	6054.1885	0.49518573
62.714844	6022.3794	0.49369279
62.734375	5988.9707	0.49170655
62.753906	5970.0005	0.48921821
62.773438	5935.3623	0.48608842
62.792969	5897.3345	0.48325896
62.8125	5871.5215	0.48068482
62.832031	5837.5342	0.47840494
62.851563	5794.5107	0.47581369
62.871094	5766.0293	0.47270113
62.890625	5733.0322	0.46913025
62.910156	5683.3726	0.46562403
62.929688	5649.3896	0.46270865
62.949219	5614.8379	0.45994431
62.96875	5567.3965	0.45670182
62.988281	5523.4766	0.4530229
63.007813	5489.833	0.44904739
63.027344	5442.5225	0.44521257
63.046875	5394.6572	0.44194743
63.066406	5359.2534	0.43884766
63.085938	5308.9814	0.43528226
63.105469	5258.3311	0.43095586
63.125	5218.6235	0.42665783
63.144531	5173.5781	0.42269164
63.164063	5119.7021	0.41924611
63.183594	5077.958	0.41588488
63.203125	5035.9702	0.41220382
63.222656	4983.4844	0.40795889
63.242188	4940.3374	0.40360197
63.261719	4901.4302	0.39972949
63.28125	4846.7715	0.39644635
63.300781	4800.7754	0.39295045
63.320313	4763.7266	0.38934156
63.339844	4713.6401	0.38507307
63.359375	4662.4141	0.38096857
63.378906	4627.3789	0.37732399
63.398438	4583.4258	0.37435737
63.417969	4533.1143	0.37108555
63.4375	4498.4604	0.3676073
63.457031	4456.3779	0.36355549
63.476563	4406.7188	0.35983962
63.496094	4373.8667	0.35653985
63.515625	4336.8481	0.35375223
63.535156	4291.8062	0.35098547
63.554688	4253.627	0.34763274
63.574219	4228.0879	0.34413946
63.59375	4185.4292	0.34088895
63.613281	4149.1465	0.33823267
63.632813	4122.5386	0.33597201
63.652344	4086.4749	0.33345759
63.671875	4050.2644	0.33066455
63.691406	4030.449	0.32767415
63.710938	3998.7732	0.32496127
63.730469	3963.895	0.32299685
63.75	3947.2244	0.3213014
63.769531	3924.8115	0.31955746
63.789063	3892.6963	0.31720862
63.808594	3876.7327	0.31506008
63.828125	3860.604	0.31311917
63.847656	3833.3145	0.31197527
63.867188	3819.0796	0.31095123
63.886719	3814.5159	0.30986857
63.90625	3792.4099	0.30829394
63.925781	3779.4836	0.30698079
63.945313	3781.0796	0.30608711
63.964844	3766.1055	0.30573523
63.984375	3749.8857	0.30537587
64.003906	3756.8562	0.30501553
64.023438	3749.0544	0.30414167
64.042969	3738.2998	0.30347863
64.0625	3748.6719	0.30353484
64.082031	3751.8123	0.30415091
64.101563	3741.1191	0.3046045
64.121094	3754.5022	0.30503353
64.140625	3767.2546	0.30484852
64.160156	3762.8115	0.30514926
64.179688	3773.739	0.30605206
64.199219	3798.229	0.3075262
64.21875	3801.563	0.30898112
64.238281	3813.9331	0.3101446
64.257813	3840.7854	0.3109675
64.277344	3853.303	0.31214654
64.296875	3869.0681	0.31400529
64.316406	3900.8394	0.31626499
64.335938	3921.5273	0.31821972
64.355469	3934.1531	0.31989875
64.375	3969.6421	0.32165977
64.394531	4000.2031	0.32356447
64.414063	4019.8159	0.32631665
64.433594	4054.4434	0.32908246
64.453125	4089.8518	0.33199883
64.472656	4112.9321	0.33431983
64.492188	4149.9082	0.33678645
64.511719	4194.04	0.33936766
64.53125	4217.7871	0.34252989
64.550781	4252.0923	0.34603271
64.570313	4299.4746	0.34915593
64.589844	4335.5273	0.35201991
64.609375	4368.9448	0.35486668
64.628906	4417.3545	0.35810649
64.648438	4456.7725	0.36206913
64.667969	4491.8213	0.3658151
64.6875	4543.0107	0.36947328
64.707031	4586.4326	0.37246019
64.726563	4622.5322	0.37583208
64.746094	4672.1123	0.37937838
64.765625	4723.9253	0.38372684
64.785156	4759.4326	0.38781983
64.804688	4805.5059	0.3914431
64.824219	4857.9707	0.39487663
64.84375	4899.4746	0.39823771
64.863281	4943.5083	0.40225744
64.882813	4995.6494	0.40644422
64.902344	5037.0288	0.41057122
64.921875	5078.5942	0.41429222
64.941406	5134.4531	0.41763183
64.960938	5178.105	0.42107552
64.980469	5217.2754	0.42523426
65	5269.1792	0.42950469
65.019531	5313.6958	0.43356633
65.039063	5349.2563	0.43679923
65.058594	5399.5962	0.44006887
65.078125	5446.1211	0.44340283
65.097656	5480.6206	0.44728103
65.117188	5526.2891	0.45124605
65.136719	5575.8467	0.45507315
65.15625	5608.2412	0.45800871
65.175781	5644.3784	0.4608835
65.195313	5694.1787	0.46397454
65.214844	5724.748	0.467444
65.234375	5759.2998	0.47101039
65.253906	5802.6714	0.47412279
65.273438	5834.7998	0.47660947
65.292969	5864.3379	0.47912556
65.3125	5905.6499	0.48183179
65.332031	5939.1147	0.48499149
65.351563	5959.6455	0.48794344
65.371094	5996.0239	0.49051034
65.390625	6028.9204	0.49230632
65.410156	6044.2402	0.49397725
65.429688	6074.4292	0.4961828
65.449219	6100.3496	0.49865511
65.46875	6115.0801	0.50089067
65.488281	6136.0078	0.50263757
65.507813	6164.3643	0.50353575
65.527344	6175.7012	0.50491905
65.546875	6185.2974	0.50637454
65.566406	6212.2773	0.50810343
65.585938	6222.0132	0.50948
65.605469	6222.1733	0.51010132
65.625	6242.6733	0.51043445
65.644531	6249.6494	0.5107491
65.664063	6246.1016	0.5115636
65.683594	6256.8364	0.51234865
65.703125	6262.6172	0.5127632
65.722656	6248.7017	0.5125286
65.742188	6254.7661	0.51203984
65.761719	6262.0884	0.5116595
65.78125	6248.584	0.51188296
65.800781	6240.0811	0.51182282
65.820313	6245.1782	0.51142693
65.839844	6227.2407	0.51036018
65.859375	6211.1265	0.50884676
65.878906	6210.5527	0.5076741
65.898438	6187.8052	0.50681758
65.917969	6165.4707	0.50595438
65.9375	6157.8457	0.50462657
65.957031	6137.9888	0.50253183
65.976563	6106.7227	0.50047338
65.996094	6089.5342	0.49859169
66.015625	6069.8369	0.49691892
66.035156	6035.4419	0.49519703
66.054688	6010.9937	0.49300727
66.074219	5990.6802	0.4902117
66.09375	5950.3599	0.48749742
66.113281	5920.561	0.48493686
66.132813	5897.123	0.48289824
66.152344	5856.9258	0.48044637
66.171875	5817.1875	0.47763473
66.191406	5793.834	0.47423238
66.210938	5754.7734	0.47087842
66.230469	5709.8154	0.46795294
66.25	5678.0215	0.46519879
66.269531	5638.7339	0.46225145
66.289063	5589.7271	0.4587647
66.308594	5555.3896	0.45471698
66.328125	5516.9658	0.45097503
66.347656	5466.0649	0.44765669
66.367188	5426.0068	0.44461018
66.386719	5390.1528	0.44140494
66.40625	5339.8145	0.43750706
66.425781	5292.0239	0.43331042
66.445313	5256.0444	0.42932913
66.464844	5205.9556	0.42580423
66.484375	5152.7866	0.42233157
66.503906	5115.6528	0.41882426
66.523438	5067.7197	0.41455919
66.542969	5014.6631	0.41038096
66.5625	4977.5679	0.40628585
66.582031	4932.4849	0.40294078
66.601563	4879.1992	0.39958209
66.621094	4837.6367	0.39595053
66.640625	4795.9175	0.39174172
66.660156	4742.918	0.38760039
66.679688	4701.3345	0.38375214
66.699219	4660.1187	0.38045186
66.71875	4609.9502	0.3771686
66.738281	4565.3291	0.37363172
66.757813	4530.1123	0.3694087
66.777344	4483.8735	0.36559367
66.796875	4435.8281	0.36201978
66.816406	4404.3062	0.35923722
66.835938	4362.0615	0.35625243
66.855469	4316.7148	0.35288468
66.875	4288.2515	0.349399
66.894531	4250.4917	0.34594193
66.914063	4206.0708	0.34297252
66.933594	4175.7568	0.34055811
66.953125	4146.3682	0.33808571
66.972656	4103.353	0.33482188
66.992188	4073.1331	0.33178437
67.011719	4050.5271	0.32897058
67.03125	4013.5293	0.3266905
67.050781	3984.4382	0.32472277
67.070313	3966.0752	0.32288817
67.089844	3934.9734	0.32045025
67.109375	3907.3965	0.3178609
67.128906	3894.3044	0.31580955
67.148438	3871.2708	0.31443012
67.167969	3844.3259	0.31328654
67.1875	3836.5217	0.31215167
67.207031	3822.3562	0.31030196
67.226563	3796.4053	0.30859002
67.246094	3788.8276	0.30730209
67.265625	3782.2988	0.30664915
67.285156	3762.0625	0.3062391
67.304688	3757.5874	0.30558872
67.324219	3759.6323	0.30452469
67.34375	3744.3047	0.30367279
67.363281	3741.3499	0.30339935
67.382813	3751.8069	0.30384523
67.402344	3745.5381	0.30420414
67.421875	3738.4675	0.30431131
67.441406	3751.7493	0.30401713
67.460938	3756.1594	0.30404511
67.480469	3751.8713	0.30450082
67.5	3771.2725	0.30567187
67.519531	3784.3723	0.30686948
67.539063	3785.9961	0.30784848
67.558594	3805.9443	0.30850354
67.578125	3827.8958	0.30946288
67.597656	3834.543	0.31089181
67.617188	3854.5164	0.31301671
67.636719	3885.1147	0.31497353
67.65625	3897.3901	0.31664437
67.675781	3921.7063	0.31802535
67.695313	3956.3213	0.31990901
67.714844	3976.8728	0.32227361
67.734375	3998.5876	0.32495794
67.753906	4037.6497	0.32762769
67.773438	4066.679	0.32975379
67.792969	4087.5	0.33189252
67.8125	4129.8418	0.33427727
67.832031	4166.1152	0.33760262
67.851563	4191.3281	0.34095976
67.871094	4232.3257	0.3439424
67.890625	4271.5029	0.34670871
67.910156	4302.1929	0.34931654
67.929688	4342.8242	0.35241112
67.949219	4390.6426	0.35610396
67.96875	4424.6128	0.35999778
67.988281	4464.8965	0.36353943
68.007813	4515.5361	0.36663216
68.027344	4555.6675	0.36985463
68.046875	4596.3384	0.37342623
68.066406	4645.8188	0.37738782
68.085938	4686.7598	0.3814081
68.105469	4726.9834	0.38523182
68.125	4778.2212	0.38854843
68.144531	4827.0356	0.39172989
68.164063	4863.2173	0.3956638
68.183594	4913.6846	0.39994335
68.203125	4964.6802	0.40402874
68.222656	5003.6597	0.40799505
68.242188	5053.4473	0.41153011
68.261719	5105.9648	0.41515625
68.28125	5146.7441	0.41903466
68.300781	5191.7954	0.42343822
68.320313	5245.9507	0.42750281
68.339844	5282.1074	0.43112445
68.359375	5323.603	0.43439445
68.378906	5374.7866	0.43770936
68.398438	5419.0161	0.4415676
68.417969	5454.5645	0.44561315
68.4375	5502.7808	0.44931173
68.457031	5546.4351	0.45250595
68.476563	5579.6699	0.45551449
68.496094	5624.7041	0.45868063
68.515625	5669.8604	0.4623656
68.535156	5697.9692	0.46599293
68.554688	5738.7036	0.4693203
68.574219	5782.4585	0.47201335
68.59375	5810.5176	0.4744232
68.613281	5842.6665	0.47715759
68.632813	5885.8047	0.48039752
68.652344	5913.5889	0.48358196
68.671875	5942.2793	0.48646238
68.691406	5980.0361	0.48833388
68.710938	6003.4707	0.49025995
68.730469	6024.1548	0.49245521
68.75	6057.1768	0.49498394
68.769531	6085.2852	0.4974907
68.789063	6098.668	0.49950486
68.808594	6133.0806	0.50139195
68.828125	6163.1133	0.50295615
68.847656	6170.9673	0.50463039
68.867188	6191.4351	0.50657618
68.886719	6211.2432	0.50829422
68.90625	6215.1177	0.50930595
68.925781	6226.4077	0.50975209
68.945313	6247.7529	0.51021147
68.964844	6247.4868	0.51101315
68.984375	6248.5146	0.51227176
69.003906	6267.4751	0.51300025
69.023438	6266.7363	0.51315743
69.042969	6257.9058	0.51283777
69.0625	6269.2661	0.51263332
69.082031	6267.0034	0.51270121
69.101563	6254.1187	0.51301169
69.121094	6257.1318	0.51288044
69.140625	6255.5293	0.51212943
69.160156	6231.8843	0.51077366
69.179688	6224.7998	0.5097025
69.199219	6223.3867	0.50900871
69.21875	6198.3926	0.50841856
69.238281	6182.2612	0.5073427
69.257813	6177.0708	0.50558078
69.277344	6148.3018	0.5036363
69.296875	6125.7393	0.50185615
69.316406	6114.918	0.50043809
69.335938	6085.2334	0.4988386
69.355469	6054.292	0.49694455
69.375	6036.6895	0.49429244
69.394531	6009.4878	0.49155205
69.414063	5971.314	0.48917526
69.433594	5948.4209	0.48719442
69.453125	5920.9878	0.48498333
69.472656	5879.0303	0.48239604
69.492188	5850.0215	0.47928479
69.511719	5822.4404	0.47606993
69.53125	5777.4688	0.47317478
69.550781	5740.2266	0.47058475
69.570313	5711.3247	0.46767324
69.589844	5664.5503	0.46429276
69.609375	5619.2183	0.46055868
69.628906	5589.6016	0.45701247
69.648438	5545.5	0.4537968
69.667969	5496.3994	0.45072514
69.6875	5463.7998	0.4475424
69.707031	5417.3867	0.44363499
69.726563	5365.3721	0.43950003
69.746094	5325.8877	0.43542328
69.765625	5285.4868	0.43189871
69.785156	5232.2363	0.42859989
69.804688	5188.3984	0.42509007
69.824219	5147.877	0.42094526
69.84375	5094.2725	0.41657263
69.863281	5048.6216	0.41253921
69.882813	5008.3701	0.40902227
69.902344	4956.3384	0.40558758
69.921875	4909.2026	0.40200409
69.941406	4871.6416	0.39784071
69.960938	4823.7578	0.39374039
69.980469	4772.0742	0.38978177
70	4733.6758	0.3865093
70.019531	4689.7974	0.38309371
70.039063	4634.7202	0.37938538
70.058594	4595.2012	0.37536162
70.078125	4556.8647	0.37135476
70.097656	4509.0942	0.36773893
70.117188	4468.4707	0.36491978
70.136719	4435.4092	0.36187387
70.15625	4383.1802	0.35847786
70.175781	4343.2983	0.35455489
70.195313	4314.0615	0.35102427
70.214844	4271.936	0.34793186
70.234375	4230.1455	0.34542993
70.253906	4203.2339	0.3427695
70.273438	4165.9946	0.33970562
70.292969	4124.7666	0.3364144
70.3125	4100.2754	0.33328825
70.332031	4069.2109	0.33082652
70.351563	4030.5271	0.32891062
70.371094	4006.5999	0.32667691
70.390625	3985.1104	0.32406494
70.410156	3948.9893	0.32148716
70.429688	3925.9587	0.31913942
70.449219	3910.4685	0.31752038
70.46875	3880.854	0.31614423
70.488281	3858.333	0.31458378
70.507813	3848.9634	0.31258643
70.527344	3825.8699	0.31066856
70.546875	3805.9817	0.30925488
70.566406	3802.9165	0.30840164
70.585938	3789.3333	0.30781692
70.605469	3767.5942	0.30700538
70.625	3766.6221	0.30576828
70.644531	3762.8054	0.30469623
70.664063	3744.7527	0.30397454
70.683594	3746.2922	0.3040331

Data Acquisition						Time:	70.700195	s	2/8/2024 2:47:44 PM
Time	Ch 1 Force	Bolt
s	N	V
70.692383	6275.2236	0.5136885
37.369141	3731.5825	0.30284855
