MTS793|MPT|ENU|1|2|.|/|:|1|0|0|A

Data Acquisition						Time:	57.379883	s	2/8/2024 2:45:44 PM
Time	Ch 1 Force	Bolt
s	N	V
37.397461	3765.4617	0.79723251
37.416992	3751.7231	0.79767513
37.436523	3756.3525	0.79804599
37.456055	3770.1548	0.79793787
37.475586	3765.3845	0.79751229
37.495117	3772.3254	0.79713488
37.514648	3797.6882	0.797243
37.53418	3800.8816	0.79776561
37.553711	3804.2312	0.79801071
37.573242	3832.8994	0.7979458
37.592773	3849.873	0.79745263
37.612305	3857.2688	0.79721463
37.631836	3886.5164	0.79740894
37.651367	3911.7004	0.7980783
37.670898	3921.2629	0.79836756
37.69043	3952.7751	0.79805303
37.709961	3984.5798	0.79759669
37.729492	3995.7808	0.79740787
37.749023	4028.0317	0.79781687
37.768555	4069.9043	0.79829443
37.788086	4089.572	0.79860657
37.807617	4119.2251	0.79827428
37.827148	4162.8184	0.79790825
37.84668	4193.4116	0.79780644
37.866211	4220.0835	0.7983157
37.885742	4268.5454	0.79889143
37.905273	4302.8032	0.79907119
37.924805	4329.9487	0.79866898
37.944336	4381.4668	0.79847467
37.963867	4425.2114	0.7985273
37.983398	4451.7764	0.79909563
38.00293	4498.1978	0.79969764
38.022461	4547.5986	0.79993534
38.041992	4581.145	0.79971278
38.061523	4626.4385	0.79957676
38.081055	4679.9536	0.7997995
38.100586	4713.2827	0.80059731
38.120117	4756.3906	0.80114436
38.139648	4814.2119	0.80140781
38.15918	4852.6919	0.80119359
38.178711	4890.3428	0.80105633
38.198242	4948.1943	0.80149525
38.217773	4992.1084	0.80234116
38.237305	5028.7422	0.80301404
38.256836	5084.2515	0.80302829
38.276367	5130.7202	0.80284828
38.295898	5162.4858	0.80284071
38.31543	5217.3882	0.80349469
38.334961	5266.9995	0.80424911
38.354492	5298.4141	0.8048867
38.374023	5346.3857	0.80488354
38.393555	5401.3857	0.80474353
38.413086	5436.3833	0.80480069
38.432617	5476.0552	0.80553561
38.452148	5527.4497	0.8062439
38.47168	5560.1978	0.80669349
38.491211	5596.1392	0.80659699
38.510742	5647.9526	0.80655187
38.530273	5684.0308	0.80672675
38.549805	5710.3052	0.80749059
38.569336	5760.2969	0.80820858
38.588867	5796.1494	0.80857563
38.608398	5820.6201	0.80841869
38.62793	5859.4385	0.80827367
38.647461	5899.9614	0.80853987
38.666992	5920.2212	0.80929744
38.686523	5954.3491	0.80992496
38.706055	5990.5127	0.81012785
38.725586	6004.7495	0.80989683
38.745117	6030.7388	0.80971932
38.764648	6067.7764	0.81002051
38.78418	6083.8931	0.81067455
38.803711	6097.6934	0.81126499
38.823242	6134.5493	0.81126928
38.842773	6153.6367	0.81098145
38.862305	6156.123	0.81081623
38.881836	6182.6001	0.81114709
38.901367	6197.6494	0.81184834
38.920898	6197.8232	0.81223333
38.94043	6218.1245	0.81208873
38.959961	6234.252	0.81166899
38.979492	6228.9683	0.81150246
38.999023	6235.9092	0.81182355
39.018555	6252.4854	0.81238157
39.038086	6245.333	0.81267178
39.057617	6242.7329	0.81221461
39.077148	6254.7852	0.81182122
39.09668	6243.1001	0.81164575
39.116211	6233.6606	0.81201857
39.135742	6243.8853	0.81249809
39.155273	6231.7979	0.81251806
39.174805	6209.3779	0.81201822
39.194336	6209.897	0.8115136
39.213867	6199.7988	0.81122386
39.233398	6171.8799	0.81149101
39.25293	6163.2935	0.81192547
39.272461	6150.9209	0.81184697
39.291992	6121.0122	0.81129843
39.311523	6104.6499	0.81072688
39.331055	6093.292	0.81046075
39.350586	6053.8711	0.81082976
39.370117	6030.7778	0.81093419
39.389648	6015.6401	0.81066525
39.40918	5980.5059	0.80995148
39.428711	5946.0366	0.80941212
39.448242	5926.2231	0.80935848
39.467773	5892.6587	0.80967963
39.487305	5850.2837	0.80969262
39.506836	5826.7261	0.809286
39.526367	5793.2656	0.80858117
39.545898	5742.9473	0.80785596
39.56543	5714.3955	0.8078078
39.584961	5684.5557	0.80804944
39.604492	5633.6641	0.8081522
39.624023	5597.624	0.80755687
39.643555	5565.0737	0.80680811
39.663086	5511.937	0.80626273
39.682617	5469.8662	0.80626935
39.702148	5439.1738	0.80645883
39.72168	5385.9409	0.80634707
39.741211	5339.2153	0.80562377
39.760742	5307.5449	0.80494136
39.780273	5259.8135	0.80441725
39.799805	5203.75	0.80456382
39.819336	5166.9761	0.80462164
39.838867	5122.9385	0.80437744
39.858398	5067.3223	0.80364597
39.87793	5028.2129	0.80295241
39.897461	4987.7417	0.8024084
39.916992	4931.9009	0.80271357
39.936523	4891.0708	0.80281466
39.956055	4853.7095	0.80249178
39.975586	4797.9712	0.80172712
39.995117	4749.624	0.80109364
40.014648	4718.041	0.80089951
40.03418	4666.0874	0.80112517
40.053711	4614.8535	0.80116355
40.073242	4583.5269	0.80084503
40.092773	4534.4775	0.80002719
40.112305	4483.3022	0.79949474
40.131836	4451.4863	0.79943228
40.151367	4413.1172	0.79973096
40.170898	4360.6836	0.79981202
40.19043	4327.3037	0.79941934
40.209961	4298.2554	0.79880393
40.229492	4250.3965	0.79839522
40.249023	4214.8936	0.79858005
40.268555	4189.853	0.79890501
40.288086	4145.7842	0.79899418
40.307617	4111.6079	0.7984854
40.327148	4093.1267	0.79806751
40.34668	4054.3879	0.79781407
40.366211	4016.7886	0.7980504
40.385742	4003.2668	0.79843116
40.405273	3975.7485	0.79851639
40.424805	3936.7026	0.79806519
40.444336	3923.0947	0.79752856
40.463867	3906.1345	0.79734796
40.483398	3872.0808	0.79770511
40.50293	3862.5452	0.79806447
40.522461	3849.3408	0.79816151
40.541992	3820.6138	0.79759955
40.561523	3809.1023	0.79725027
40.581055	3808.8323	0.79715824
40.600586	3785.2786	0.79756725
40.620117	3769.2546	0.79777634
40.639648	3778.3032	0.7978248
40.65918	3764.7229	0.79732686
40.678711	3755.1846	0.79696548
40.698242	3764.0811	0.79701126
40.717773	3760.1863	0.79750323
40.737305	3749.8555	0.79786801
40.756836	3761.9656	0.79773569
40.776367	3769.2197	0.79716295
40.795898	3758.6873	0.79695976
40.81543	3774.6135	0.79714125
40.834961	3792.4814	0.79763067
40.854492	3789.0029	0.79794562
40.874023	3801.4087	0.79772818
40.893555	3826.7683	0.7971912
40.913086	3831.5627	0.7970686
40.932617	3847.5808	0.79730749
40.952148	3881.1855	0.79780573
40.97168	3891.5046	0.79809719
40.991211	3905.1948	0.7977429
41.010742	3940.3433	0.79726589
41.030273	3963.9163	0.79715228
41.049805	3976.7415	0.79763061
41.069336	4015.3914	0.79799438
41.088867	4048.3599	0.79827476
41.108398	4064.9968	0.79784286
41.12793	4103.0234	0.79749906
41.147461	4141.541	0.79745227
41.166992	4161.2915	0.79802358
41.186523	4199.2422	0.79847503
41.206055	4246.0464	0.79869807
41.225586	4272.4473	0.79826057
41.245117	4307.6108	0.79798567
41.264648	4358.2432	0.79817939
41.28418	4392.3374	0.79877192
41.303711	4426.8701	0.79934156
41.323242	4479.8584	0.79949027
41.342773	4516.7803	0.79914343
41.362305	4549.2114	0.79911286
41.381836	4605.459	0.79937011
41.401367	4650.3657	0.80014479
41.420898	4680.6064	0.80071962
41.44043	4731.4121	0.80074036
41.459961	4783.4253	0.80047977
41.479492	4818.5005	0.80047196
41.499023	4864.1743	0.80105615
41.518555	4920.1621	0.80186141
41.538086	4955.2295	0.80238438
41.557617	5000.249	0.80240357
41.577148	5059.3262	0.80216289
41.59668	5097.8232	0.80220038
41.616211	5133.7231	0.80293506
41.635742	5192.5244	0.80372745
41.655273	5234.4116	0.80416918
41.674805	5270.8843	0.8040967
41.694336	5321.9688	0.80403417
41.713867	5371.9536	0.80425769
41.733398	5402.8174	0.80491698
41.75293	5453.5801	0.80557311
41.772461	5502.2827	0.80616564
41.791992	5531.2056	0.80597472
41.811523	5577.5576	0.80597311
41.831055	5626.5522	0.80617136
41.850586	5656.2725	0.8069306
41.870117	5690.229	0.80768335
41.889648	5739.6885	0.80791426
41.90918	5768.5771	0.80775613
41.928711	5798.5342	0.8077299
41.948242	5845.3394	0.80796605
41.967773	5876.2046	0.80876678
41.987305	5895.1128	0.80940628
42.006836	5939.4233	0.80952942
42.026367	5971.7319	0.80931813
42.045898	5989.1255	0.80930209
42.06543	6020.4346	0.80963206
42.084961	6053.4609	0.81047928
42.104492	6063.188	0.81089377
42.124023	6090.0142	0.81094974
42.143555	6120.2271	0.81065828
42.163086	6127.1636	0.81051022
42.182617	6143.8101	0.81094557
42.202148	6175.1831	0.81153625
42.22168	6180.9893	0.81190115
42.241211	6186.2476	0.81172121
42.260742	6212.3955	0.81140447
42.280273	6221.3267	0.8112964
42.299805	6219.0698	0.81179786
42.319336	6237.8672	0.8122623
42.338867	6242.9409	0.81249028
42.358398	6235.0151	0.81215149
42.37793	6245.6563	0.81170881
42.397461	6253.6104	0.81158376
42.416992	6238.0469	0.81199586
42.436523	6237.064	0.81239551
42.456055	6246.8018	0.81240499
42.475586	6227.0122	0.81195152
42.495117	6218.4565	0.81158829
42.514648	6221.4087	0.811409
42.53418	6200.3525	0.81171405
42.553711	6179.249	0.81200308
42.573242	6177.8535	0.81193095
42.592773	6159.0132	0.81128532
42.612305	6128.4307	0.81084603
42.631836	6120.522	0.81078482
42.651367	6102.5811	0.81108844
42.670898	6066.6899	0.81125534
42.69043	6049.2725	0.81090248
42.709961	6031.5352	0.81018078
42.729492	5991.2773	0.80972737
42.749023	5969.3984	0.80974197
42.768555	5953.2954	0.81008577
42.788086	5908.4702	0.81004632
42.807617	5872.8301	0.80971301
42.827148	5851.3047	0.80876625
42.84668	5808.7324	0.80832553
42.866211	5765.7207	0.80842263
42.885742	5744.2695	0.80858296
42.905273	5706.1055	0.80854422
42.924805	5654.418	0.80796719
42.944336	5626.8872	0.80720925
42.963867	5587.3931	0.80658609
42.983398	5533.478	0.80673569
43.00293	5499.3247	0.80693835
43.022461	5464.5142	0.80675989
43.041992	5409.9209	0.80594862
43.061523	5369.395	0.80530715
43.081055	5336.1724	0.80476588
43.100586	5283.6846	0.80506617
43.120117	5236.8413	0.80515385
43.139648	5197.1343	0.80483675
43.15918	5146.8076	0.80403912
43.178711	5095.8174	0.80329603
43.198242	5063.4082	0.80304533
43.217773	5014.1035	0.80324471
43.237305	4956.1611	0.8032968
43.256836	4922.0435	0.80289775
43.276367	4879.3477	0.80202067
43.295898	4822.8682	0.80140597
43.31543	4782.6094	0.8012979
43.334961	4742.8125	0.80156791
43.354492	4686.5029	0.80153495
43.374023	4646.9434	0.8011148
43.393555	4614.3784	0.80035126
43.413086	4558.6133	0.79976773
43.432617	4515.2993	0.7998482
43.452148	4485.5879	0.80005002
43.47168	4437.9863	0.80008382
43.491211	4388.8643	0.79963911
43.510742	4360.3979	0.79899222
43.530273	4320.1943	0.79857719
43.549805	4270.9731	0.79880071
43.569336	4243.6982	0.7990244
43.588867	4209.0352	0.79913372
43.608398	4162.2148	0.79862124
43.62793	4138.5615	0.79807281
43.647461	4113.4521	0.79782236
43.666992	4070.2644	0.79815322
43.686523	4039.928	0.79852432
43.706055	4022.8306	0.79852891
43.725586	3985.1042	0.79800427
43.745117	3958.3982	0.79754925
43.764648	3947.0349	0.79733717
43.78418	3915.0264	0.79794037
43.803711	3887.2366	0.79823667
43.823242	3880.3013	0.79803646
43.842773	3860.6729	0.79755759
43.862305	3829.1687	0.79716444
43.881836	3824.834	0.79708481
43.901367	3814.6841	0.79754299
43.920898	3788.4363	0.79795015
43.94043	3785.2566	0.79778218
43.959961	3784.7075	0.79720867
43.979492	3762.6584	0.7969684
43.999023	3762.9312	0.79699862
44.018555	3768.2346	0.79758459
44.038086	3754.0586	0.79786831
44.057617	3747.6428	0.79763639
44.077148	3766.3367	0.7971316
44.09668	3760.8059	0.79681581
44.116211	3755.8152	0.7971226
44.135742	3774.1343	0.79749548
44.155273	3778.8284	0.79770809
44.174805	3776.3604	0.79736143
44.194336	3797.7192	0.79700422
44.213867	3816.9536	0.79680192
44.233398	3814.6262	0.79722548
44.25293	3840.5022	0.79763383
44.272461	3867.0115	0.79779971
44.291992	3872.8066	0.7974413
44.311523	3893.0593	0.79705822
44.331055	3925.2512	0.79688549
44.350586	3938.5483	0.79736996
44.370117	3962.7744	0.797804
44.389648	4001.8792	0.79803598
44.40918	4021.6985	0.79751337
44.428711	4042.1038	0.79725802
44.448242	4087.6274	0.79727805
44.467773	4116.7856	0.79784453
44.487305	4136.3975	0.79825753
44.506836	4179.1104	0.79832399
44.526367	4219.9268	0.79788291
44.545898	4244.2495	0.7976979
44.56543	4289.1514	0.79789728
44.584961	4332.709	0.79853183
44.604492	4358.2471	0.79884553
44.624023	4400.084	0.79896122
44.643555	4452.1426	0.79859817
44.663086	4484.2856	0.79849946
44.682617	4521.8525	0.79895049
44.702148	4577.4834	0.79959959
44.72168	4614.6865	0.80007946
44.741211	4651.8154	0.80008179
44.760742	4707.0356	0.79989499
44.780273	4746.082	0.79978979
44.799805	4783.7222	0.80031717
44.819336	4839.3228	0.8012045
44.838867	4886.8281	0.80170453
44.858398	4918.6509	0.80163312
44.87793	4969.5469	0.80142248
44.897461	5024.585	0.80156398
44.916992	5057.7861	0.80223113
44.936523	5106.6694	0.80296785
44.956055	5160.5708	0.80345541
44.975586	5194.8062	0.80342317
44.995117	5240.5498	0.80332589
45.014648	5296.582	0.80352974
45.03418	5332.4502	0.80432111
45.053711	5369.0527	0.80505705
45.073242	5425.3843	0.80544329
45.092773	5465.6772	0.80519032
45.112305	5498.0063	0.80521464
45.131836	5548.7549	0.80548835
45.151367	5591.7036	0.80630964
45.170898	5621.4766	0.80694938
45.19043	5667.1084	0.8072319
45.209961	5711.9443	0.80711079
45.229492	5736.8638	0.80708086
45.249023	5777.522	0.80748951
45.268555	5823.2524	0.8081944
45.288086	5847.3291	0.80876112
45.307617	5875.521	0.80891019
45.327148	5921.416	0.80876976
45.34668	5943.2583	0.80877542
45.366211	5967.1729	0.80913484
45.385742	6009.0396	0.80993998
45.405273	6032.8159	0.8104232
45.424805	6048.4023	0.8104378
45.444336	6082.563	0.81017935
45.463867	6109.376	0.81010711
45.483398	6116.1978	0.81060863
45.50293	6142.4741	0.81125164
45.522461	6166.8057	0.81167585
45.541992	6169.7319	0.81132698
45.561523	6188.543	0.81109703
45.581055	6213.1636	0.81099737
45.600586	6210.3384	0.81160009
45.620117	6219.7241	0.81208408
45.639648	6239.8862	0.8123064
45.65918	6239.0571	0.81188196
45.678711	6233.6284	0.81161225
45.698242	6250.5981	0.81148267
45.717773	6250.9087	0.81201112
45.737305	6239.9102	0.81239915
45.756836	6249.6548	0.8123973
45.776367	6248.0151	0.81185699
45.795898	6228.8296	0.81144822
45.81543	6232.874	0.81153142
45.834961	6229.0269	0.81182569
45.854492	6201.6836	0.81210905
45.874023	6189.6045	0.81209123
45.893555	6192.2993	0.81143224
45.913086	6166.3345	0.81101727
45.932617	6147.8657	0.81093782
45.952148	6139.2026	0.81133354
45.97168	6111.2822	0.81150568
45.991211	6082.8848	0.8111555
46.010742	6075.5176	0.81039137
46.030273	6044.7651	0.81001365
46.049805	6009.126	0.80999547
46.069336	5994.4727	0.81030691
46.088867	5967.543	0.81032884
46.108398	5926.3374	0.80981737
46.12793	5900.877	0.8091169
46.147461	5873.3027	0.80865449
46.166992	5827.9375	0.80878782
46.186523	5796.4106	0.80901086
46.206055	5771.9102	0.80889791
46.225586	5723.2173	0.80813897
46.245117	5684.0098	0.80731863
46.264648	5658.3364	0.80694461
46.28418	5611.9263	0.80720896
46.303711	5564.3179	0.80733871
46.323242	5533.6719	0.80717289
46.342773	5489.2261	0.80637836
46.362305	5438.1924	0.80553448
46.381836	5406.1069	0.80523217
46.401367	5362.3188	0.8053329
46.420898	5307.6162	0.80544269
46.44043	5269.8164	0.80517763
46.459961	5231.7456	0.8043763
46.479492	5173.2617	0.80365783
46.499023	5130.5049	0.80341208
46.518555	5090.9312	0.80362117
46.538086	5035.4814	0.80361843
46.557617	4986.6333	0.80320776
46.577148	4946.2373	0.8024317
46.59668	4893.5659	0.80187583
46.616211	4843.501	0.80166191
46.635742	4811.8115	0.80189264
46.655273	4763.5391	0.80193579
46.674805	4707.4063	0.80137169
46.694336	4674.3774	0.80059475
46.713867	4634.1919	0.80011368
46.733398	4579.6333	0.80016798
46.75293	4543.2466	0.80028117
46.772461	4504.9268	0.80022645
46.791992	4453.8286	0.79971898
46.811523	4418.853	0.79914302
46.831055	4386.751	0.79875416
46.850586	4335.6929	0.79901874
46.870117	4294.0625	0.79932719
46.889648	4269.4639	0.79926276
46.90918	4228.0791	0.79871351
46.928711	4182.1694	0.7981559
46.948242	4160.2515	0.7978766
46.967773	4123.6226	0.79841012
46.987305	4083.8647	0.79867625
47.006836	4065.0249	0.79856539
47.026367	4035.2959	0.79790616
47.045898	3992.6746	0.79755157
47.06543	3974.8035	0.79742265
47.084961	3958.9319	0.79785931
47.104492	3922.0544	0.79812354
47.124023	3898.8918	0.79805565
47.143555	3890.9263	0.79750842
47.163086	3860.3328	0.79713011
47.182617	3840.6147	0.79711145
47.202148	3837.3213	0.79775739
47.22168	3811.7144	0.79785615
47.241211	3792.2378	0.79771316
47.260742	3796.0317	0.79721224
47.280273	3783.1743	0.79683077
47.299805	3762.2041	0.79702073
47.319336	3767.1731	0.79747975
47.338867	3764.9578	0.79777765
47.358398	3746.6406	0.79749918
47.37793	3752.9231	0.79701257
47.397461	3760.5442	0.79677498
47.416992	3748.6506	0.7971105
47.436523	3754.6709	0.79753345
47.456055	3770.4678	0.79768187
47.475586	3763.8149	0.79730386
47.495117	3767.0222	0.79685009
47.514648	3794.0278	0.79671633
47.53418	3800.7673	0.79718983
47.553711	3808.5771	0.79765129
47.573242	3833.7051	0.79778123
47.592773	3847.0859	0.79735869
47.612305	3854.7349	0.79691386
47.631836	3884.5007	0.79686469
47.651367	3909.1941	0.79745167
47.670898	3916.5068	0.79791939
47.69043	3949.8025	0.79791081
47.709961	3984.1555	0.79745924
47.729492	3996.5396	0.79717016
47.749023	4027.697	0.79720193
47.768555	4066.2026	0.7977401
47.788086	4086.5779	0.7981723
47.807617	4116.2964	0.79823947
47.827148	4162.2876	0.79774177
47.84668	4189.3799	0.7974745
47.866211	4218.1772	0.79768991
47.885742	4268.4351	0.79841554
47.905273	4302.9136	0.79878044
47.924805	4330.0313	0.79868448
47.944336	4378.6743	0.79836762
47.963867	4422.7358	0.79830378
47.983398	4451.1934	0.79868048
48.00293	4499.5488	0.79929042
48.022461	4545.0029	0.79970872
48.041992	4573.8403	0.79966193
48.061523	4620.8525	0.79934824
48.081055	4676.29	0.79940903
48.100586	4710.4326	0.80006325
48.120117	4752.5708	0.80074656
48.139648	4808.0068	0.80118775
48.15918	4848.6543	0.80119365
48.178711	4887.2192	0.80096716
48.198242	4945.1191	0.80112606
48.217773	4987.9312	0.80183536
48.237305	5023.0459	0.8025623
48.256836	5080.9429	0.80301154
48.276367	5128.3013	0.80282205
48.295898	5163.8574	0.80271488
48.31543	5218.0732	0.80301344
48.334961	5269.6772	0.80389619
48.354492	5302.0762	0.80455011
48.374023	5347.7065	0.80484617
48.393555	5399.9521	0.80467886
48.413086	5433.8564	0.80468386
48.432617	5476.9961	0.80513549
48.452148	5530.3418	0.80594456
48.47168	5563.8467	0.80648363
48.491211	5596.5186	0.80672467
48.510742	5648.9941	0.80655885
48.530273	5684.4629	0.80651408
48.549805	5712.4976	0.80704868
48.569336	5758.2715	0.80782419
48.588867	5798.6216	0.80837178
48.608398	5821.2236	0.80849743
48.62793	5863.3472	0.80828369
48.647461	5901.0742	0.80828989
48.666992	5918.4819	0.8087939
48.686523	5953.1851	0.80947989
48.706055	5990.9111	0.80991375
48.725586	6008.6323	0.80983514
48.745117	6032.0449	0.80967975
48.764648	6070.3906	0.80973673
48.78418	6085.7285	0.81025982
48.803711	6100.9468	0.81096971
48.823242	6135.3442	0.81125176
48.842773	6148.2539	0.81101251
48.862305	6155.0322	0.81075734
48.881836	6182.1016	0.81073165
48.901367	6198.8403	0.81135678
48.920898	6198.6704	0.81182706
48.94043	6215.0977	0.81200492
48.959961	6232.9243	0.81165767
48.979492	6227.77	0.81130058
48.999023	6237.7256	0.81136316
49.018555	6252.8975	0.81187338
49.038086	6241.9253	0.81232995
49.057617	6242.019	0.81233114
49.077148	6255.5376	0.81176758
49.09668	6243.5444	0.81142455
49.116211	6230.8252	0.81149673
49.135742	6241.2168	0.81198621
49.155273	6231.4097	0.81224418
49.174805	6208.9194	0.81202215
49.194336	6210.2656	0.81146133
49.213867	6199.3511	0.81099629
49.233398	6172.0889	0.81115103
49.25293	6165.2637	0.81153566
49.272461	6154.2383	0.81160963
49.291992	6119.7046	0.81121421
49.311523	6102.1162	0.81058776
49.331055	6092.2358	0.81019926
49.350586	6056.9556	0.81031376
49.370117	6029.3091	0.81061894
49.389648	6015.6792	0.8106122
49.40918	5979.165	0.80996847
49.428711	5941.9668	0.80937612
49.448242	5926.9468	0.80894458
49.467773	5890.8657	0.80912912
49.487305	5848.3438	0.80931616
49.506836	5827.3271	0.80922437
49.526367	5795.2329	0.80851388
49.545898	5745.3149	0.80776334
49.56543	5714.7236	0.80742329
49.584961	5682.2998	0.80763221
49.604492	5631.7261	0.80774665
49.624023	5597.7314	0.80754483
49.643555	5566.4141	0.80674756
49.663086	5511.5532	0.80598712
49.682617	5469.8872	0.80575001
49.702148	5440.4932	0.8059687
49.72168	5388.375	0.80601323
49.741211	5337.8706	0.80560493
49.760742	5304.8003	0.80477619
49.780273	5258.3174	0.80413318
49.799805	5205.9453	0.80384672
49.819336	5168.5103	0.80418116
49.838867	5123.2178	0.80418646
49.858398	5066.1055	0.80356771
49.87793	5028.7983	0.80282974
49.897461	4988.936	0.80227137
49.916992	4930.1665	0.80210459
49.936523	4888.1533	0.80236071
49.956055	4853.8574	0.80229414
49.975586	4799.4961	0.80173755
49.995117	4751.1792	0.80091447
50.014648	4717.2656	0.80046189
50.03418	4665.2637	0.80056822
50.053711	4614.5034	0.80071658
50.073242	4582.1416	0.80058253
50.092773	4537.3906	0.79999268
50.112305	4484.624	0.79927504
50.131836	4454.8076	0.79893976
50.151367	4415.8496	0.79919517
50.170898	4366.167	0.7994132
50.19043	4331.6006	0.79934275
50.209961	4298.6348	0.79877102
50.229492	4249.6553	0.79827523
50.249023	4218.6865	0.7979846
50.268555	4194.1304	0.79844707
50.288086	4146.2925	0.79859602
50.307617	4110.1597	0.79852289
50.327148	4094.4209	0.79800904
50.34668	4056.9387	0.79752654
50.366211	4018.1123	0.79748476
50.385742	4002.1924	0.79798907
50.405273	3975.6953	0.79822963
50.424805	3939.3218	0.79811931
50.444336	3928.3442	0.7975713
50.463867	3906.376	0.79722875
50.483398	3872.4753	0.79719692
50.50293	3861.6841	0.79768205
50.522461	3850.3267	0.79780686
50.541992	3820.1545	0.79764664
50.561523	3807.9097	0.79714811
50.581055	3808.8906	0.79686886
50.600586	3786.0459	0.79712212
50.620117	3773.5063	0.79747707
50.639648	3778.1921	0.79776299
50.65918	3763.6743	0.79734892
50.678711	3752.1006	0.79687721
50.698242	3764.2075	0.79669303
50.717773	3761.2551	0.79692423
50.737305	3747.7764	0.79744482
50.756836	3758.3743	0.79775631
50.776367	3768.303	0.79718059
50.795898	3758.0786	0.79680085
50.81543	3771.7991	0.79665458
50.834961	3787.415	0.79713094
50.854492	3787.5837	0.79751158
50.874023	3804.0173	0.79770327
50.893555	3829.9512	0.79718179
50.913086	3832.272	0.79684281
50.932617	3846.1128	0.79679465
50.952148	3878.969	0.79732126
50.97168	3891.7385	0.79782164
50.991211	3905.8406	0.79776752
51.010742	3941.9333	0.79735899
51.030273	3963.332	0.79709303
51.049805	3979.1338	0.79706573
51.069336	4017.2024	0.79761815
51.088867	4047.3914	0.79804826
51.108398	4062.0779	0.79805052
51.12793	4101.3188	0.7975589
51.147461	4142.9277	0.79732764
51.166992	4164.7544	0.79750299
51.186523	4200.4614	0.79821587
51.206055	4247.0938	0.79852319
51.225586	4272.9302	0.79835266
51.245117	4308.1743	0.79804707
51.264648	4357.8418	0.79793638
51.28418	4389.0332	0.7983011
51.303711	4423.8784	0.79896474
51.323242	4478.6753	0.79938293
51.342773	4518.0566	0.79920942
51.362305	4550.4819	0.79896963
51.381836	4602.2002	0.79891813
51.401367	4647.4492	0.79968399
51.420898	4680.3403	0.80033308
51.44043	4730.4282	0.80072129
51.459961	4781.8687	0.80051291
51.479492	4814.8091	0.80041319
51.499023	4864.2881	0.80059916
51.518555	4921.8647	0.80133712
51.538086	4955.4512	0.8020941
51.557617	4999.0879	0.80241859
51.577148	5055.665	0.80224311
51.59668	5094.8457	0.80206823
51.616211	5134.6519	0.80242014
51.635742	5191.481	0.8032673
51.655273	5233.2275	0.80396533
51.674805	5268.0557	0.80404115
51.694336	5323.7485	0.80395633
51.713867	5370.9722	0.80400592
51.733398	5401.2646	0.80438614
51.75293	5451.1187	0.80523604
51.772461	5500.1025	0.8059243
51.791992	5530.1953	0.80610818
51.811523	5572.4312	0.80584466
51.831055	5621.2412	0.80582404
51.850586	5651.5234	0.80637628
51.870117	5691.0181	0.80724692
51.889648	5739.7534	0.80775857
51.90918	5767.8086	0.8076607
51.928711	5796.6338	0.80759937
51.948242	5843.8652	0.80765235
51.967773	5875.0688	0.80834353
51.987305	5896.2461	0.80911398
52.006836	5936.6318	0.80944705
52.026367	5967.7446	0.80943167
52.045898	5987.2754	0.80921704
52.06543	6021.6743	0.80927068
52.084961	6051.896	0.80984724
52.104492	6063.2725	0.8104912
52.124023	6086.3545	0.81092328
52.143555	6122.2031	0.81057435
52.163086	6129.9321	0.8104049
52.182617	6146.0488	0.81045693
52.202148	6174.0215	0.81111896
52.22168	6182.6465	0.81161684
52.241211	6190.6147	0.81184614
52.260742	6215.3555	0.81144381
52.280273	6220.6567	0.81118715
52.299805	6218.7427	0.81128949
52.319336	6238.0957	0.81182015
52.338867	6246.2339	0.81216717
52.358398	6234.9443	0.81210679
52.37793	6244.2217	0.8116976
52.397461	6252.9028	0.81146288
52.416992	6239.6216	0.81157619
52.436523	6237.9736	0.81195474
52.456055	6243.3252	0.81223774
52.475586	6225.2568	0.81204587
52.495117	6217.6255	0.81149817
52.514648	6221.5044	0.81109947
52.53418	6200.9141	0.81125945
52.553711	6178.5322	0.8116805
52.573242	6178.7529	0.81185043
52.592773	6159.1021	0.811409
52.612305	6129.1436	0.81079817
52.631836	6121.793	0.81044847
52.651367	6100.2437	0.81060642
52.670898	6066.6738	0.81090021
52.69043	6050.9639	0.81096244
52.709961	6030.9146	0.81031615
52.729492	5989.8521	0.80967933
52.749023	5965.9116	0.80926448
52.768555	5947.6455	0.80950963
52.788086	5905.7256	0.8095665
52.807617	5871.8188	0.80945897
52.827148	5851.1675	0.8088187
52.84668	5809.7173	0.80814272
52.866211	5770.3384	0.80775172
52.885742	5745.7808	0.80811751
52.905273	5703.4258	0.80818784
52.924805	5653.5269	0.8078618
52.944336	5626.8184	0.80700964
52.963867	5588.6895	0.80643785
52.983398	5537.1963	0.806252
53.00293	5502.3296	0.8064068
53.022461	5464.71	0.80642831
53.041992	5411.5513	0.80613923
53.061523	5369.7974	0.80525386
53.081055	5335.165	0.80458212
53.100586	5282.0474	0.80444658
53.120117	5236.9463	0.80462223
53.139648	5202.9751	0.80456799
53.15918	5149.27	0.80398929
53.178711	5096.0684	0.80324662
53.198242	5061.2354	0.80271
53.217773	5013.7939	0.80262274
53.237305	4959.1055	0.80286235
53.256836	4923.6782	0.80285251
53.276367	4878.3481	0.80208331
53.295898	4820.248	0.80139732
53.31543	4783.1396	0.80091363
53.334961	4744.8062	0.80093056
53.354492	4687.6299	0.80113202
53.374023	4644.1392	0.80101633
53.393555	4612.7588	0.80034846
53.413086	4560.3442	0.79972333
53.432617	4516.7905	0.79927474
53.452148	4485.2197	0.79952657
53.47168	4436.3354	0.79963386
53.491211	4387.0938	0.79954934
53.510742	4362.5308	0.79891562
53.530273	4319.5513	0.79836023
53.549805	4271.4741	0.79818857
53.569336	4246.3345	0.79854345
53.588867	4212.1162	0.79877043
53.608398	4166.832	0.79865462
53.62793	4139.6621	0.79801571
53.647461	4110.96	0.7975899
53.666992	4069.2649	0.79763782
53.686523	4043.4695	0.79798609
53.706055	4025.6299	0.79818016
53.725586	3984.3079	0.79805803
53.745117	3955.1377	0.79750681
53.764648	3946.833	0.79709744
53.78418	3915.9424	0.79709536
53.803711	3885.3142	0.79766798
53.823242	3876.7249	0.79791099
53.842773	3857.0425	0.79770118
53.862305	3830.6565	0.79710364
53.881836	3826.4944	0.79679877
53.901367	3812.2966	0.79704517
53.920898	3786.9766	0.79757822
53.94043	3785.0027	0.79770565
53.959961	3783.6174	0.79740816
53.979492	3761.0366	0.79689711
53.999023	3757.8423	0.79664403
54.018555	3767.2014	0.7970584
54.038086	3754.5627	0.79739416
54.057617	3749.6567	0.79763049
54.077148	3762.9312	0.79713297
54.09668	3756.1992	0.79669225
54.116211	3753.115	0.79663754
54.135742	3772.6694	0.79717934
54.155273	3780.8286	0.79752243
54.174805	3777.0422	0.79764253
54.194336	3798.7437	0.79706782
54.213867	3817.8035	0.79665995
54.233398	3817.9353	0.79669052
54.25293	3841.0251	0.79726219
54.272461	3863.2021	0.79758918
54.291992	3869.5098	0.79761565
54.311523	3893.5032	0.79705185
54.331055	3928.4409	0.79676068
54.350586	3938.259	0.79686373
54.370117	3960.5059	0.79753131
54.389648	4001.0652	0.79788059
54.40918	4021.1277	0.79770988
54.428711	4043.3125	0.79723805
54.448242	4085.4226	0.79693705
54.467773	4115.231	0.79728675
54.487305	4138.2534	0.79791462
54.506836	4181.4014	0.79823041
54.526367	4220.4106	0.79809082
54.545898	4239.9331	0.79769278
54.56543	4284.8994	0.79762673
54.584961	4332.8721	0.79801881
54.604492	4355.7246	0.79864746
54.624023	4396.6509	0.79904163
54.643555	4450.7544	0.79888338
54.663086	4486.6938	0.79861575
54.682617	4524.6597	0.7985974
54.702148	4578.605	0.79916298
54.72168	4608.502	0.79982448
54.741211	4648.521	0.80015802
54.760742	4704.3149	0.79990983
54.780273	4748.499	0.79978651
54.799805	4782.9585	0.8000282
54.819336	4836.0757	0.80083245
54.838867	4884.2168	0.80144638
54.858398	4918.4536	0.80178195
54.87793	4971.2017	0.80163121
54.897461	5021.9678	0.80146599
54.916992	5056.6748	0.80182248
54.936523	5109.6729	0.80259955
54.956055	5164.126	0.80335605
54.975586	5199.2798	0.80353194
54.995117	5239.249	0.80329663
55.014648	5295.6177	0.8033368
55.03418	5334.1074	0.80382526
55.053711	5372.7905	0.80464
55.073242	5428.208	0.80526209
55.092773	5466.9526	0.80537641
55.112305	5500.2188	0.80532134
55.131836	5552.9863	0.80535203
55.151367	5594.9404	0.80593455
55.170898	5620.9849	0.80668426
55.19043	5666.7524	0.80706716
55.209961	5713.7227	0.80722976
55.229492	5739.3682	0.80699289
55.249023	5777.832	0.80714399
55.268555	5820.9604	0.80775154
55.288086	5845.1582	0.80860078
55.307617	5877.0581	0.80897784
55.327148	5921.1328	0.808878
55.34668	5943.9736	0.80877483
55.366211	5968.8477	0.80885875
55.385742	6007.7886	0.80956525
55.405273	6031.4521	0.81025004
55.424805	6046.6182	0.81056947
55.444336	6081.2788	0.81025666
55.463867	6109.4199	0.81015795
55.483398	6118.4585	0.81024718
55.50293	6145.5376	0.81092066
55.522461	6168.6719	0.81136703
55.541992	6167.8071	0.81152284
55.561523	6186.8232	0.81122494
55.581055	6212.7256	0.81091189
55.600586	6212.2031	0.81106865
55.620117	6217.2192	0.8116945
55.639648	6239.4854	0.81207544
55.65918	6236.3599	0.81200713
55.678711	6235.5615	0.81157899
55.698242	6252.7529	0.81127989
55.717773	6248.4619	0.81148869
55.737305	6237.2397	0.81194425
55.756836	6249.2695	0.81227952
55.776367	6249.084	0.81211066
55.795898	6228.4438	0.8115595
55.81543	6227.4927	0.81122369
55.834961	6228.0034	0.81149364
55.854492	6203.6401	0.81195658
55.874023	6193.4922	0.8120715
55.893555	6187.9058	0.81153655
55.913086	6162.0229	0.81087637
55.932617	6145.9121	0.8106879
55.952148	6141.1494	0.81098223
55.97168	6110.7559	0.81124341
55.991211	6081.0796	0.81116271
56.010742	6073.0513	0.81050551
56.030273	6044.3149	0.80988383
56.049805	6009.2324	0.80960697
56.069336	5992.2617	0.80993569
56.088867	5966.0928	0.81009024
56.108398	5924.4307	0.80992782
56.12793	5902.2915	0.80920351
56.147461	5876.4277	0.80862689
56.166992	5828.1406	0.80829954
56.186523	5796.8804	0.80852294
56.206055	5771.2212	0.80857551
56.225586	5720.4785	0.80818999
56.245117	5682.1519	0.80741817
56.264648	5651.7046	0.80684179
56.28418	5606.1138	0.80666745
56.303711	5561.1323	0.80686802
56.323242	5531.6621	0.80684835
56.342773	5485.1748	0.80634713
56.362305	5432.3843	0.8056584
56.381836	5401.9858	0.80514765
56.401367	5362.9497	0.80504882
56.420898	5306.0259	0.80513644
56.44043	5267.0557	0.80512023
56.459961	5226.814	0.80453563
56.479492	5171.7813	0.80365288
56.499023	5129.3604	0.80315161
56.518555	5092.5625	0.80322331
56.538086	5035.3418	0.80323017
56.557617	4991.1221	0.80318391
56.577148	4957.1973	0.80255455
56.59668	4903.7056	0.80179811
56.616211	4849.875	0.80135834
56.635742	4817.9727	0.80145472
56.655273	4769.623	0.80161148
56.674805	4714.1816	0.80146217
56.694336	4679.4844	0.80069929
56.713867	4637.0952	0.79998821
56.733398	4582.4546	0.79970366
56.75293	4549.0669	0.79991746
56.772461	4513.0688	0.80004179
56.791992	4457.8262	0.79987711
56.811523	4417.1113	0.79916227
56.831055	4387.9888	0.79863185
56.850586	4341.1689	0.79844666
56.870117	4299.1494	0.79886782
56.889648	4272.8452	0.79902625
56.90918	4229.8403	0.79868919
56.928711	4187.7539	0.79806203
56.948242	4166.7607	0.79775453
56.967773	4130.2002	0.79774469
56.987305	4085.1091	0.79823744
57.006836	4066.7625	0.79839599
57.026367	4040.4448	0.79809994
57.045898	4000.085	0.79753077
57.06543	3980.6968	0.79726368
57.084961	3960.1792	0.79739368
57.104492	3922.4844	0.79775071
57.124023	3904.7656	0.79791421
57.143555	3892.4661	0.79767501
57.163086	3861.5801	0.79716873
57.182617	3842.0618	0.79675722
57.202148	3840.5464	0.79716039
57.22168	3817.8623	0.79757756
57.241211	3794.7905	0.79769462
57.260742	3794.2368	0.79724377
57.280273	3784.2168	0.79677373
57.299805	3766.6362	0.79661065
57.319336	3770.1023	0.7970835
57.338867	3765.6814	0.79743111
57.358398	3748.4175	0.79751146
57.37793	3755.3755	0.79694778

Data Acquisition						Time:	70.709961	s	2/8/2024 2:45:57 PM
Time	Ch 1 Force	Bolt
s	N	V
57.397461	3766.1394	0.79657286
57.416992	3752.5283	0.79670191
57.436523	3754.7622	0.79704988
57.456055	3773.9382	0.79738343
57.475586	3768.0137	0.79737872
57.495117	3774.7629	0.79688728
57.514648	3797.7451	0.79662859
57.53418	3799.7949	0.79664886
57.553711	3805.2996	0.79721421
57.573242	3835.4482	0.79753345
57.592773	3849.1826	0.79739761
57.612305	3855.1663	0.79699522
57.631836	3886.7917	0.79669183
57.651367	3912.6616	0.79684567
57.670898	3920.0146	0.79733819
57.69043	3950.3486	0.79758847
57.709961	3981.1267	0.79752737
57.729492	3997.1094	0.79707658
57.749023	4028.1406	0.79685593
57.768555	4070.3235	0.79720449
57.788086	4087.9063	0.79774153
57.807617	4116.8887	0.79803848
57.827148	4165.0542	0.79782915
57.84668	4190.8418	0.79740894
57.866211	4217.937	0.79731435
57.885742	4265.2178	0.79782218
57.905273	4301.6694	0.79836482
57.924805	4332.3652	0.79864556
57.944336	4381.5806	0.79837114
57.963867	4420.4971	0.79801333
57.983398	4448.2617	0.79807091
58.00293	4497.9644	0.79881483
58.022461	4545.7656	0.79938644
58.041992	4577.6333	0.79980659
58.061523	4622.3716	0.79950953
58.081055	4677.3413	0.79944259
58.100586	4712.6626	0.79970229
58.120117	4755.6865	0.80040634
58.139648	4811.4683	0.80100411
58.15918	4848.4956	0.80116361
58.178711	4889.3569	0.80104917
58.198242	4948.1997	0.8008604
58.217773	4990.582	0.80132121
58.237305	5025.3794	0.80211437
58.256836	5082.9106	0.80280304
58.276367	5129.5273	0.80287963
58.295898	5164.5894	0.80274111
58.31543	5215.7803	0.80271751
58.334961	5265.21	0.80336511
58.354492	5297.4458	0.80417484
58.374023	5344.9385	0.80477118
58.393555	5401.0278	0.8047744
58.413086	5431.0869	0.80461061
58.432617	5472.7778	0.80478281
58.452148	5525.917	0.8053714
58.47168	5559.9727	0.80617636
58.491211	5593.9326	0.80673802
58.510742	5644.6592	0.8067835
58.530273	5680.6631	0.80655545
58.549805	5709.062	0.80665398
58.569336	5758.1411	0.80741996
58.588867	5797.3799	0.80806208
58.608398	5816.7378	0.80848521
58.62793	5857.0347	0.80830312
58.647461	5898.0303	0.80818689
58.666992	5919.8584	0.80833638
58.686523	5949.9971	0.80906427
58.706055	5988.3506	0.80966759
58.725586	6006.582	0.8099643
58.745117	6030.3193	0.8096621
58.764648	6067.9058	0.80959082
58.78418	6086.1279	0.80983722
58.803711	6100.5146	0.81060076
58.823242	6135.6167	0.81106997
58.842773	6153.229	0.81111318
58.862305	6156.4517	0.810785
58.881836	6182.5493	0.8106308
58.901367	6200.9668	0.81089979
58.920898	6200.6919	0.81154138
58.94043	6218.9609	0.81201279
58.959961	6233.188	0.81182826
58.979492	6225.417	0.81132239
58.999023	6237.041	0.81123507
59.018555	6252.4482	0.81144577
59.038086	6242.3696	0.8120597
59.057617	6238.7661	0.81223935
59.077148	6254.6924	0.81189984
59.09668	6243.479	0.81144392
59.116211	6232.3545	0.8112179
59.135742	6240.918	0.81150389
59.155273	6230.4238	0.81191599
59.174805	6211.7134	0.81210083
59.194336	6211.314	0.81163645
59.213867	6199.7012	0.81110168
59.233398	6171.5942	0.8107453
59.25293	6164.5728	0.8111605
59.272461	6153.1733	0.8113569
59.291992	6122.2827	0.81140929
59.311523	6106.2993	0.81070328
59.331055	6091.5752	0.81022626
59.350586	6057.3569	0.8099277
59.370117	6030.1089	0.81029499
59.389648	6018.2163	0.81043386
59.40918	5978.8184	0.81014156
59.428711	5944.0776	0.80946374
59.448242	5927.8691	0.80893588
59.467773	5892.9409	0.80869865
59.487305	5849.0698	0.80897862
59.506836	5826.1147	0.80905616
59.526367	5790.4067	0.80864578
59.545898	5744.2402	0.80784941
59.56543	5715.5811	0.80724394
59.584961	5685.3984	0.807221
59.604492	5630.7388	0.80734479
59.624023	5596.9604	0.80741674
59.643555	5565.0581	0.80685401
59.663086	5511.731	0.80597997
59.682617	5467.0674	0.80550945
59.702148	5437.0625	0.80536664
59.72168	5387.0234	0.80553466
59.741211	5336.0654	0.80540633
59.760742	5305.752	0.80482626
59.780273	5256.2861	0.8040061
59.799805	5201.6553	0.80351496
59.819336	5167.6782	0.80365574
59.838867	5124.4268	0.80374014
59.858398	5064.2554	0.80362117
59.87793	5027.6299	0.8028121
59.897461	4987.5977	0.80209905
59.916992	4930.6362	0.80167806
59.936523	4887.3955	0.80189252
59.956055	4849.8452	0.80195379
59.975586	4791.6362	0.80177301
59.995117	4748.4482	0.80104792
60.014648	4715.9155	0.80037588
60.03418	4663.0137	0.80004704
60.053711	4613.1792	0.80026448
60.073242	4582.0415	0.80043012
60.092773	4536.646	0.80015385
60.112305	4485.7886	0.79935646
60.131836	4452.7124	0.7988106
60.151367	4413.6455	0.79872555
60.170898	4361.208	0.79893577
60.19043	4331.2788	0.799088
60.209961	4300.4487	0.79879475
60.229492	4249.9683	0.79816902
60.249023	4215.4766	0.79779124
60.268555	4192.9263	0.79783046
60.288086	4147.0835	0.79827213
60.307617	4110.4585	0.7984454
60.327148	4091.9805	0.79810786
60.34668	4055.2473	0.7974726
60.366211	4020.1035	0.79719579
60.385742	4005.8154	0.79740912
60.405273	3973.9675	0.79789948
60.424805	3936.8953	0.79789877
60.444336	3925.1882	0.79757261
60.463867	3906.9128	0.79703236
60.483398	3874.9199	0.79673296
60.50293	3860.6318	0.79714346
60.522461	3850.3625	0.79740453
60.541992	3822.0623	0.7976141
60.561523	3810.614	0.79708683
60.581055	3807.7148	0.79668069
60.600586	3781.3193	0.79661137
60.620117	3771.843	0.79702425
60.639648	3779.1833	0.79747117
60.65918	3762.8696	0.79738748
60.678711	3749.5088	0.79690647
60.698242	3758.8071	0.79647076
60.717773	3757.157	0.79647177
60.737305	3744.5908	0.79706126
60.756836	3759.532	0.79726124
60.776367	3763.552	0.79728043
60.795898	3756.7297	0.79681987
60.81543	3770.9277	0.79640454
60.834961	3787.8713	0.79651707
60.854492	3785.1399	0.79712701
60.874023	3798.2451	0.79744136
60.893555	3824.959	0.79731339
60.913086	3830.4177	0.79676056
60.932617	3846.3071	0.79649174
60.952148	3876.7039	0.79671633
60.97168	3889.8977	0.79716265
60.991211	3904.6267	0.79750979
61.010742	3940.886	0.79728365
61.030273	3960.8345	0.79699194
61.049805	3974.5964	0.796718
61.069336	4013.8079	0.79705477
61.088867	4045.6929	0.79757273
61.108398	4063.9292	0.79783231
61.12793	4101.2358	0.79749548
61.147461	4139.9619	0.79718089
61.166992	4161.3169	0.79710573
61.186523	4198.459	0.79761684
61.206055	4245.5293	0.79810488
61.225586	4269.2446	0.79829127
61.245117	4306.21	0.79800254
61.264648	4358.5498	0.79774886
61.28418	4390.2578	0.79773366
61.303711	4421.916	0.79845792
61.323242	4474.2578	0.79893285
61.342773	4514.8569	0.79919094
61.362305	4548.0303	0.79898113
61.381836	4602.6777	0.79874742
61.401367	4648.6318	0.79905927
61.420898	4678.6328	0.79976982
61.44043	4732.7104	0.80033982
61.459961	4781.7695	0.80055964
61.479492	4815.6001	0.80033338
61.499023	4861.167	0.80023837
61.518555	4917.4395	0.80075133
61.538086	4957.2358	0.80150521
61.557617	4999.519	0.80217731
61.577148	5057.0215	0.80228567
61.59668	5094.626	0.80210203
61.616211	5133.3525	0.80214405
61.635742	5192.3042	0.80268013
61.655273	5238.9443	0.80352187
61.674805	5275.5767	0.80419326
61.694336	5331.2368	0.80403769
61.713867	5377.3218	0.80410254
61.733398	5408.9146	0.8042565
61.75293	5457.6934	0.80479312
61.772461	5504.9751	0.80562103
61.791992	5533.5938	0.806117
61.811523	5579.5537	0.80606639
61.831055	5629.7178	0.80586958
61.850586	5656.1533	0.80608135
61.870117	5692.1948	0.80684304
61.889648	5743.5933	0.80746484
61.90918	5770.6499	0.80784178
61.928711	5799.3271	0.80772668
61.948242	5846.1201	0.80767763
61.967773	5876.5215	0.80791354
61.987305	5896.5181	0.80868965
62.006836	5940.2358	0.80924976
62.026367	5970.8022	0.809466
62.045898	5986.4287	0.80926448
62.06543	6019.5527	0.80914074
62.084961	6052.7925	0.80932868
62.104492	6066.3623	0.81005561
62.124023	6091.9312	0.81069458
62.143555	6121.9614	0.81072515
62.163086	6132.2759	0.8104068
62.182617	6148.6396	0.81030142
62.202148	6176.3403	0.81065059
62.22168	6183.375	0.81134325
62.241211	6189.8174	0.81169224
62.260742	6215.7056	0.81151533
62.280273	6225.4619	0.81119055
62.299805	6221.0317	0.81094259
62.319336	6238.5728	0.8114714
62.338867	6247.4419	0.81187963
62.358398	6235.5723	0.81213021
62.37793	6245.7856	0.8117736
62.397461	6253.52	0.81141591
62.416992	6237.0952	0.81123912
62.436523	6242.1133	0.81158268
62.456055	6248.6094	0.81198639
62.475586	6231.0757	0.81212395
62.495117	6219.9927	0.81168842
62.514648	6224.3774	0.81113166
62.53418	6202.2437	0.81092209
62.553711	6182.5679	0.81135446
62.573242	6180.4487	0.81165826
62.592773	6157.1245	0.81155533
62.612305	6131.8833	0.81086153
62.631836	6122.3042	0.81037515
62.651367	6103.5083	0.81019396
62.670898	6066.4355	0.81057477
62.69043	6051.6138	0.81067115
62.709961	6033.2583	0.81041068
62.729492	5994.6294	0.80972254
62.749023	5969.0547	0.80920392
62.768555	5948.5889	0.80907494
62.788086	5906.1636	0.80931354
62.807617	5873.6353	0.80939007
62.827148	5851.939	0.80891281
62.84668	5808.1582	0.80819303
62.866211	5767.3813	0.80761725
62.885742	5745.6987	0.80760473
62.905273	5704.9067	0.80779362
62.924805	5656.5283	0.80771303
62.944336	5627.041	0.80711311
62.963867	5587.1968	0.80639237
62.983398	5534.0615	0.80594075
63.00293	5501.0698	0.8059206
63.022461	5464.6641	0.80605555
63.041992	5407.1484	0.80594987
63.061523	5370.3232	0.80537403
63.081055	5336.063	0.80448556
63.100586	5281.5737	0.80407631
63.120117	5232.5742	0.80421454
63.139648	5198.9565	0.80431128
63.15918	5147.5952	0.80411148
63.178711	5095.8862	0.80334234
63.198242	5062.8208	0.80260646
63.217773	5011.9106	0.80232054
63.237305	4955.8271	0.80250537
63.256836	4921.0049	0.80260456
63.276367	4876.5845	0.80225587
63.295898	4818.9824	0.80145824
63.31543	4779.3955	0.80082846
63.334961	4743.8047	0.80049503
63.354492	4688.2695	0.80077618
63.374023	4645.4004	0.80085987
63.393555	4610.7954	0.80049193
63.413086	4557.1729	0.79972023
63.432617	4514.145	0.79917145
63.452148	4484.9053	0.79899794
63.47168	4434.145	0.79939699
63.491211	4385.873	0.7993778
63.510742	4361.8555	0.79902816
63.530273	4319.7124	0.79837692
63.549805	4271.5854	0.79795593
63.569336	4243.8984	0.79799807
63.588867	4208.3823	0.7983821
63.608398	4164.5273	0.79849213
63.62793	4139.3296	0.79810739
63.647461	4112.9116	0.7975567
63.666992	4068.4004	0.79730463
63.686523	4042.417	0.79753011
63.706055	4024.0908	0.79780352
63.725586	3985.5984	0.79793507
63.745117	3956.5471	0.79755926
63.764648	3943.2556	0.79709244
63.78418	3914.4517	0.79679906
63.803711	3886.3816	0.79728729
63.823242	3881.2756	0.7975812
63.842773	3855.6213	0.79765737
63.862305	3827.573	0.79711342
63.881836	3826.0347	0.79664177
63.901367	3816.4456	0.79659992
63.920898	3789.043	0.79705811
63.94043	3784.7161	0.79752183
63.959961	3785.8931	0.79741311
63.979492	3764.5935	0.79690212
63.999023	3761.6563	0.79657704
64.018555	3768.5757	0.79651511
64.038086	3753.4072	0.79699659
64.057617	3749.8467	0.79739594
64.077148	3764.7358	0.79723781
64.09668	3761.2615	0.79672009
64.116211	3755.345	0.79645509
64.135742	3773.8779	0.79660606
64.155273	3779.3257	0.79706556
64.174805	3775.0093	0.79734492
64.194336	3797.9177	0.79716396
64.213867	3812.0112	0.79666233
64.233398	3816.0464	0.79647756
64.25293	3842.512	0.79668677
64.272461	3869.1443	0.79729706
64.291992	3870.4719	0.79754978
64.311523	3893.186	0.79729503
64.331055	3927.4714	0.79682505
64.350586	3940.1411	0.79666758
64.370117	3962.8413	0.79707646
64.389648	4002.3865	0.79753435
64.40918	4022.3813	0.79777145
64.428711	4037.8269	0.79733646
64.448242	4083.7327	0.79702306
64.467773	4114.3721	0.7970438
64.487305	4132.9565	0.79752809
64.506836	4178.855	0.79798037
64.526367	4217.6563	0.79820466
64.545898	4242.7676	0.79775763
64.56543	4285.0894	0.7976408
64.584961	4331.4512	0.79764068
64.604492	4356.3955	0.7982446
64.624023	4399.6353	0.79878068
64.643555	4449.144	0.79889804
64.663086	4479.459	0.79855806
64.682617	4518.4053	0.79856932
64.702148	4577.0654	0.79874098
64.72168	4613.2358	0.79947478
64.741211	4649.1489	0.80002034
64.760742	4703.4282	0.80014265
64.780273	4745.0581	0.79983002
64.799805	4783.7583	0.79982686
64.819336	4839.9165	0.80030257
64.838867	4885.209	0.80111384
64.858398	4920.7617	0.80161846
64.87793	4973.3232	0.80172712
64.897461	5026.3853	0.80153823
64.916992	5058.4414	0.80161607
64.936523	5105.3633	0.80211794
64.956055	5162.6079	0.80290353
64.975586	5200.2056	0.80351853
64.995117	5243.2261	0.80355525
65.014648	5296.8477	0.80340469
65.03418	5334.1099	0.8035115
65.053711	5372.1572	0.80425793
65.073242	5426.6289	0.80497074
65.092773	5463.7612	0.80546767
65.112305	5496.29	0.80533952
65.131836	5548.856	0.80531704
65.151367	5594.4175	0.80546641
65.170898	5621.8643	0.8063429
65.19043	5666.4087	0.80699503
65.209961	5709.8325	0.80731678
65.229492	5733.4194	0.80710381
65.249023	5774.0649	0.80701911
65.268555	5820.1357	0.8073166
65.288086	5842.2515	0.8081764
65.307617	5872.0728	0.80878437
65.327148	5918.2095	0.80905861
65.34668	5941.9883	0.80877298
65.366211	5965.812	0.80866122
65.385742	6003.4976	0.80896968
65.405273	6030.3325	0.80982739
65.424805	6046.1831	0.81035197
65.444336	6081.6372	0.81041569
65.463867	6104.9531	0.81014287
65.483398	6112.4097	0.81005859
65.50293	6139.1294	0.81033474
65.522461	6162.9463	0.81105769
65.541992	6168.187	0.81146801
65.561523	6181.7983	0.81122792
65.581055	6207.6475	0.81099695
65.600586	6207.3833	0.81085169
65.620117	6216.9756	0.81116676
65.639648	6238.1309	0.8117274
65.65918	6233.3408	0.81199419
65.678711	6230.9434	0.81167394
65.698242	6249.835	0.81139219
65.717773	6248.8989	0.81124306
65.737305	6235.6431	0.81171089
65.756836	6245.998	0.81215626
65.776367	6246.3159	0.81217206
65.795898	6227.875	0.81176591
65.81543	6229.3965	0.81128335
65.834961	6225.5298	0.81114739
65.854492	6202.0171	0.81155312
65.874023	6192.5947	0.81185138
65.893555	6191.4067	0.81171447
65.913086	6163.4492	0.811171
65.932617	6140.4961	0.81061554
65.952148	6134.333	0.81044978
65.97168	6106.5811	0.81077218
65.991211	6078.7524	0.8110534
66.010742	6069.4937	0.81074047
66.030273	6039.9438	0.81006479
66.049805	6005.7534	0.80952162
66.069336	5990.5352	0.80952704
66.088867	5963.0562	0.80973268
66.108398	5919.2886	0.80989289
66.12793	5895.1099	0.80944049
66.147461	5870.9209	0.80870259
66.166992	5824.8999	0.80811107
66.186523	5794.8101	0.80807698
66.206055	5768.4839	0.80836588
66.225586	5720.123	0.80841303
66.245117	5682.8574	0.80781114
66.264648	5657.6846	0.80702591
66.28418	5608.2754	0.80650204
66.303711	5560.3281	0.80643952
66.323242	5532.4346	0.80659723
66.342773	5489.6528	0.80651855
66.362305	5436.71	0.80580568
66.381836	5403.4766	0.80508679
66.401367	5359.9946	0.80458105
66.420898	5306.3999	0.80475283
66.44043	5268.9175	0.80475903
66.459961	5228.4712	0.80461299
66.479492	5170.2827	0.80388427
66.499023	5129.3906	0.80314052
66.518555	5095.876	0.80278206
66.538086	5039.8428	0.80295908
66.557617	4989.7983	0.80295658
66.577148	4955.7432	0.80274022
66.59668	4903.3491	0.8018626
66.616211	4851.6509	0.80126774
66.635742	4819.4019	0.80099756
66.655273	4768.6494	0.80113328
66.674805	4713.4268	0.80119222
66.694336	4680.3774	0.80093944
66.713867	4640.249	0.80016744
66.733398	4581.668	0.7995171
66.75293	4544.0752	0.79938895
66.772461	4509.9131	0.79961693
66.791992	4457.4302	0.79973304
66.811523	4418.96	0.79930335
66.831055	4387.9556	0.79857731
66.850586	4338.1826	0.79825425
66.870117	4296.4614	0.79831988
66.889648	4272.8032	0.79866105
66.90918	4226.8457	0.79869771
66.928711	4184.6641	0.79836333
66.948242	4164.5498	0.79774368
66.967773	4128.4326	0.79743636
66.987305	4087.6345	0.7976073
67.006836	4065.5574	0.79799765
67.026367	4037.0588	0.79812944
67.045898	3997.1948	0.79772264
67.06543	3978.8413	0.7971909
67.084961	3961.8757	0.79696423
67.104492	3921.5066	0.79724717
67.124023	3901.6414	0.79764277
67.143555	3894.2402	0.79769921
67.163086	3862.9929	0.79713827
67.182617	3842.1584	0.79672539
67.202148	3837.4019	0.79663187
67.22168	3813.449	0.79706395
67.241211	3795.3774	0.79744905
67.260742	3798.0098	0.7973426
67.280273	3783.0359	0.79672444
67.299805	3762.1953	0.79636872
67.319336	3767.5061	0.7963925
67.338867	3764.8828	0.79704046
67.358398	3747.0813	0.797337
67.37793	3751.9932	0.79722255
67.397461	3762.8237	0.79671276
67.416992	3750.4863	0.79634225
67.436523	3754.5576	0.79658276
67.456055	3772.4177	0.79701668
67.475586	3763.5278	0.79725951
67.495117	3769.886	0.79714239
67.514648	3793.9392	0.79662377
67.53418	3799.9841	0.79632807
67.553711	3804.3794	0.7966221
67.573242	3831.9502	0.79714268
67.592773	3847.5566	0.79746437
67.612305	3856.4146	0.79718524
67.631836	3887.3057	0.79668677
67.651367	3909.2686	0.79648644
67.670898	3916.1548	0.7969048
67.69043	3951.1938	0.79739207
67.709961	3985.6665	0.79760706
67.729492	3998.8081	0.79730207
67.749023	4027.9126	0.79683232
67.768555	4067.2468	0.79676479
67.788086	4087.8955	0.79728639
67.807617	4117.7456	0.79777831
67.827148	4162.3105	0.79794198
67.84668	4189.9771	0.79761267
67.866211	4221.9287	0.79727525
67.885742	4269.6616	0.79732686
67.905273	4304.3403	0.79791641
67.924805	4330.0518	0.79840648
67.944336	4378.2344	0.79848063
67.963867	4421.6851	0.79816282
67.983398	4453.7144	0.79804158
68.00293	4500.8257	0.79830956
68.022461	4547.1895	0.79894912
68.041992	4579.8447	0.79953903
68.061523	4626.4023	0.79962665
68.081055	4681.3433	0.79928362
68.100586	4711.3604	0.79931796
68.120117	4754.6445	0.79990977
68.139648	4813.144	0.80065763
68.15918	4853.3423	0.80111122
68.178711	4891.958	0.80119741
68.198242	4947.4766	0.80091715
68.217773	4991.4248	0.80102992
68.237305	5028.0127	0.80166072
68.256836	5083.981	0.80246377
68.276367	5127.5181	0.80297625
68.295898	5163.2119	0.80293888
68.31543	5220.373	0.80283076
68.334961	5274.1206	0.80294162
68.354492	5302.793	0.80365753
68.374023	5347.9185	0.80436158
68.393555	5404.2856	0.80494475
68.413086	5436.6274	0.80484998
68.432617	5477.1509	0.80463803
68.452148	5530.4385	0.80498981
68.47168	5562.4751	0.80572772
68.491211	5596.8066	0.80637681
68.510742	5649.7617	0.80684155
68.530273	5685.3438	0.80655277
68.549805	5711.9033	0.80652642
68.569336	5759.8447	0.8068409
68.588867	5800.6255	0.80766678
68.608398	5823.5493	0.80822551
68.62793	5863.5757	0.80850661
68.647461	5899.4229	0.80830383
68.666992	5917.6777	0.80825895
68.686523	5954.3521	0.80859965
68.706055	5991.9961	0.80926466
68.725586	6007.5845	0.80989534
68.745117	6030.1113	0.80997294
68.764648	6068.9136	0.8096922
68.78418	6084.8008	0.80962718
68.803711	6100.4395	0.80985618
68.823242	6133.0933	0.81064099
68.842773	6149.3335	0.81109858
68.862305	6153.8691	0.81110889
68.881836	6182.895	0.81080949
68.901367	6199.3457	0.81056774
68.920898	6197.3774	0.81107855
68.94043	6214.6533	0.81162369
68.959961	6233.3271	0.81187552
68.979492	6224.938	0.81156325
68.999023	6232.5762	0.81123412
69.018555	6247.9858	0.81107789
69.038086	6239.3091	0.81144691
69.057617	6240.6357	0.81184983
69.077148	6252.9385	0.81205499
69.09668	6240.0776	0.81162429
69.116211	6230.5483	0.81130302
69.135742	6239.6401	0.81112337
69.155273	6227.8823	0.81148452
69.174805	6207.0015	0.81183612
69.194336	6208.0562	0.81181395
69.213867	6195.6968	0.8113665
69.233398	6168.9604	0.81073827
69.25293	6161.5366	0.81062102
69.272461	6149.1167	0.81090319
69.291992	6116.4014	0.81117815
69.311523	6101.4888	0.81086254
69.331055	6088.0635	0.81025118
69.350586	6053.6191	0.80981183
69.370117	6026.9302	0.80968094
69.389648	6013.0938	0.80994892
69.40918	5976.708	0.8101424
69.428711	5943.2974	0.80974215
69.448242	5926.605	0.8089959
69.467773	5888.2061	0.80840731
69.487305	5847.5044	0.80842972
69.506836	5827.0938	0.8086406
69.526367	5793.0547	0.80859548
69.545898	5744.4668	0.80815798
69.56543	5713.7637	0.80732751
69.584961	5681.7393	0.80677307
69.604492	5630.3174	0.80679512
69.624023	5595.1313	0.80697602
69.643555	5563.0122	0.80697811
69.663086	5512.3921	0.8062157
69.682617	5468.1514	0.80545521
69.702148	5438.4224	0.80485129
69.72168	5387.3291	0.80504584
69.741211	5334.3403	0.80521774
69.760742	5303.6733	0.80498588
69.780273	5258.3994	0.80427206
69.799805	5204.7925	0.80362737
69.819336	5168.5181	0.80306625
69.838867	5121.6191	0.80324501
69.858398	5067.5933	0.80333531
69.87793	5028.6973	0.8029983
69.897461	4988.8555	0.80225646
69.916992	4930.3149	0.80163693
69.936523	4886.4341	0.80126053
69.956055	4851.6777	0.80148131
69.975586	4797.7456	0.80154353
69.995117	4750.3755	0.8012163
70.014648	4715.5078	0.80043221
70.03418	4664.0322	0.79985446
70.053711	4615.4531	0.7996881
70.073242	4581.2285	0.79985911
70.092773	4535.498	0.79987645
70.112305	4483.021	0.79955482
70.131836	4453.2075	0.79876947
70.151367	4415.8042	0.79829937
70.170898	4363.6113	0.79831028
70.19043	4330.3872	0.79867065
70.209961	4297.9009	0.79882032
70.229492	4250.1577	0.79840904
70.249023	4217.1733	0.79775441
70.268555	4191.7246	0.79745775
70.288086	4147.1099	0.79764181
70.307617	4111.3857	0.79795182
70.327148	4092.9827	0.79799181
70.34668	4056.4736	0.79751456
70.366211	4016.6165	0.79704314
70.385742	3999.7522	0.7967906
70.405273	3974.1423	0.79728532
70.424805	3939.6006	0.79761446
70.444336	3926.3022	0.7977407
70.463867	3905.0557	0.79715675
70.483398	3871.125	0.79679483
70.50293	3860.7839	0.79653615
70.522461	3851.4568	0.79704159
70.541992	3819.3511	0.79734385
70.561523	3807.7947	0.79731774
70.581055	3807.9673	0.79681033
70.600586	3786.3672	0.79637122
70.620117	3774.4448	0.79641593
70.639648	3777.6887	0.7969017
70.65918	3762.9233	0.79715478
70.678711	3750.9021	0.79706979
70.698242	3763.0122	0.79659754

Data Acquisition						Time:	70.712891	s	2/8/2024 2:45:57 PM
Time	Ch 1 Force	Bolt
s	N	V
70.706055	6258.8091	0.8127526
37.383789	3742.322	0.79620236
