MTS793|MPT|ENU|1|2|.|/|:|1|0|0|A

Data Acquisition						Time:	57.370117	s	2/8/2024 3:01:59 PM
Time	Ch 1 Force	Bolt
s	N	V
37.387695	3752.1475	0.53967214
37.407227	3744.8486	0.53985429
37.426758	3762.4116	0.53973591
37.446289	3764.1697	0.53923017
37.46582	3758.2185	0.53888881
37.485352	3777.0054	0.53908932
37.504883	3791.4143	0.5396874
37.524414	3791.3413	0.54004735
37.543945	3809.5757	0.54001164
37.563477	3832.4958	0.53971428
37.583008	3837.6191	0.53966165
37.602539	3861.4934	0.54024339
37.62207	3892.3376	0.54099649
37.641602	3903.2021	0.54166406
37.661133	3922.8171	0.54166979
37.680664	3959.9763	0.54160154
37.700195	3978.438	0.54178631
37.719727	3996.7798	0.54269594
37.739258	4036.3413	0.54363346
37.758789	4062.8477	0.54428089
37.77832	4086.1101	0.54441458
37.797852	4129.6997	0.54460955
37.817383	4163.8125	0.54509568
37.836914	4185.9551	0.54621172
37.856445	4228.8086	0.54731309
37.875977	4271.9321	0.54819894
37.895508	4297.0425	0.54843765
37.915039	4337.0117	0.54880923
37.93457	4386.8613	0.54952848
37.954102	4417.0186	0.55086994
37.973633	4458.9541	0.55217201
37.993164	4509.0366	0.55301839
38.012695	4543.499	0.55353391
38.032227	4581.1396	0.55404562
38.051758	4637.8223	0.55509496
38.071289	4678.7588	0.55658424
38.09082	4712.5928	0.55795658
38.110352	4766.3384	0.55889463
38.129883	4815.4048	0.55949402
38.149414	4852.3633	0.5601787
38.168945	4904.1528	0.56145334
38.188477	4950.7583	0.56304431
38.208008	4988.501	0.56453234
38.227539	5038.0586	0.56546694
38.24707	5093.5752	0.56615287
38.266602	5128.8223	0.56691778
38.286133	5171.8604	0.5684455
38.305664	5228.4033	0.57023388
38.325195	5266.248	0.57155812
38.344727	5304.8101	0.57237589
38.364258	5359.146	0.57327771
38.383789	5400.2661	0.5742023
38.40332	5436.0825	0.57584476
38.422852	5488.8774	0.57747507
38.442383	5532.3276	0.57881665
38.461914	5561.811	0.57960099
38.481445	5607.502	0.58037764
38.500977	5656.9204	0.58154923
38.520508	5687.9854	0.58327788
38.540039	5727.8071	0.58481514
38.55957	5772.2915	0.58598435
38.579102	5796.9014	0.58666593
38.598633	5830.4097	0.58737373
38.618164	5877.3301	0.58847082
38.637695	5901.4536	0.58997327
38.657227	5926.6577	0.59132051
38.676758	5968.6714	0.59229046
38.696289	5995.6494	0.59283358
38.71582	6012.6572	0.59338665
38.735352	6047.9897	0.59440458
38.754883	6075.0083	0.59581941
38.774414	6086.896	0.59703648
38.793945	6116.3442	0.59766245
38.813477	6139.7192	0.59787762
38.833008	6146.1851	0.59832156
38.852539	6168.4399	0.59929985
38.87207	6193.4414	0.60038847
38.891602	6198.7739	0.60125333
38.911133	6206.1968	0.60147434
38.930664	6229.8428	0.60146999
38.950195	6232.7651	0.60173416
38.969727	6234.6729	0.60230422
38.989258	6252.2944	0.60316545
39.008789	6250.9199	0.6037693
39.02832	6244.6709	0.60363626
39.047852	6257.8926	0.60341185
39.067383	6258.8511	0.60336041
39.086914	6240.3726	0.60389173
39.106445	6243.3911	0.60429609
39.125977	6244.5806	0.60449517
39.145508	6225.1338	0.60397905
39.165039	6220.7842	0.60344756
39.18457	6216.2324	0.60320497
39.204102	6192.9878	0.60348219
39.223633	6176.1606	0.60349476
39.243164	6172.333	0.60311031
39.262695	6145.0781	0.60231996
39.282227	6120.8345	0.60161442
39.301758	6113.9863	0.60114586
39.321289	6087.2803	0.60113823
39.34082	6053.9536	0.60096568
39.360352	6039.73	0.60039365
39.379883	6012.3926	0.59915674
39.399414	5974.1631	0.59819734
39.418945	5953.5293	0.59757668
39.438477	5928.3262	0.59742278
39.458008	5882.2695	0.59685516
39.477539	5854.4663	0.59591877
39.49707	5829.7754	0.5946238
39.516602	5785.4248	0.59345132
39.536133	5746.7529	0.5927465
39.555664	5717.9463	0.59226197
39.575195	5673.3892	0.59153461
39.594727	5630.5015	0.59027678
39.614258	5600.8096	0.58874434
39.633789	5558.1191	0.58754081
39.65332	5505.1372	0.58669674
39.672852	5476.1216	0.58623081
39.692383	5435.3652	0.58508569
39.711914	5379.6255	0.58367544
39.731445	5341.5068	0.58211613
39.750977	5301.9087	0.58093536
39.770508	5248.2568	0.58023262
39.790039	5206.6641	0.57945848
39.80957	5169.1426	0.57838184
39.829102	5113.4004	0.57673186
39.848633	5063.9131	0.57515395
39.868164	5027.605	0.5738818
39.887695	4973.0659	0.57312763
39.907227	4922.2251	0.57222301
39.926758	4885.5898	0.57114625
39.946289	4837.8921	0.56943864
39.96582	4785.6528	0.56793898
39.985352	4750.2979	0.56681031
40.004883	4704.6553	0.56607491
40.024414	4651.1948	0.56533396
40.043945	4613.0283	0.56407607
40.063477	4576.502	0.56250143
40.083008	4525.5503	0.56102926
40.102539	4482.8433	0.56011206
40.12207	4450.3901	0.55955404
40.141602	4401.2827	0.55879045
40.161133	4359.8027	0.55745864
40.180664	4330.1387	0.55604601
40.200195	4285.5527	0.55472118
40.219727	4244.856	0.5541026
40.239258	4219.6572	0.55361533
40.258789	4181.8735	0.55286896
40.27832	4137.0669	0.55162084
40.297852	4113.2256	0.55028445
40.317383	4084.4507	0.54923195
40.336914	4043.6221	0.54888177
40.356445	4022.7102	0.54860067
40.375977	3995.8516	0.54793251
40.395508	3960.4934	0.54677725
40.415039	3938.1299	0.54579943
40.43457	3924.8591	0.54499525
40.454102	3891.0063	0.54480976
40.473633	3866.0125	0.54445827
40.493164	3860.604	0.54406875
40.512695	3837.9092	0.54313648
40.532227	3814.0093	0.54229128
40.551758	3810.9038	0.54172552
40.571289	3797.9463	0.54184854
40.59082	3777.3232	0.54181492
40.610352	3777.1714	0.5414207
40.629883	3770.0337	0.54061067
40.649414	3751.0581	0.54002601
40.668945	3754.0066	0.53991234
40.688477	3760.7131	0.54013288
40.708008	3747.6968	0.54033452
40.727539	3748.0625	0.53999358
40.74707	3762.054	0.53938007
40.766602	3756.792	0.53902668
40.786133	3756.5754	0.53917521
40.805664	3775.5933	0.53968167
40.825195	3776.427	0.5401274
40.844727	3780.2598	0.54002094
40.864258	3806.0142	0.53954923
40.883789	3820.3008	0.5394792
40.90332	3822.2246	0.53998953
40.922852	3848.1606	0.54080725
40.942383	3871.6772	0.54122663
40.961914	3880.8726	0.54121101
40.981445	3909.9089	0.54109126
41.000977	3938.3662	0.54124385
41.020508	3951.8188	0.54201227
41.040039	3980.2095	0.54301733
41.05957	4019.6448	0.54361272
41.079102	4035.4871	0.54359698
41.098633	4061.7981	0.54381549
41.118164	4104.6968	0.5441891
41.137695	4131.8779	0.54536551
41.157227	4159.7627	0.54636866
41.176758	4205.7842	0.54713315
41.196289	4238.7622	0.54730195
41.21582	4266.562	0.54759455
41.235352	4315.6528	0.54833704
41.254883	4356.9878	0.54965758
41.274414	4383.9302	0.55090714
41.293945	4430.4272	0.5516485
41.313477	4477.7012	0.55196458
41.333008	4510.7554	0.5525825
41.352539	4556.2227	0.55364478
41.37207	4605.395	0.55521518
41.391602	4640.0908	0.5564642
41.411133	4685.5137	0.55713803
41.430664	4742.3682	0.55775011
41.450195	4780.0347	0.55852985
41.469727	4819.8594	0.55994499
41.489258	4876.1709	0.56144899
41.508789	4919.9751	0.56286925
41.52832	4953.7207	0.56369972
41.547852	5006.1772	0.56430882
41.567383	5056.0342	0.56525201
41.586914	5091.7451	0.56671214
41.606445	5144.583	0.56844372
41.625977	5195.4634	0.56976414
41.645508	5227.9307	0.57062852
41.665039	5275.8877	0.57130432
41.68457	5328.2329	0.57240969
41.704102	5363.5308	0.57404536
41.723633	5405.6211	0.5756461
41.743164	5458.5127	0.57699955
41.762695	5495.543	0.57778466
41.782227	5532.5464	0.57856631
41.801758	5582.6016	0.57974654
41.821289	5619.4829	0.5813418
41.84082	5651.1724	0.58274817
41.860352	5699.001	0.58386725
41.879883	5740.0205	0.58461845
41.899414	5762.998	0.58536953
41.918945	5807.0425	0.58657044
41.938477	5851.5972	0.58828324
41.958008	5876.8701	0.58985865
41.977539	5911.7729	0.59082961
41.99707	5949.4146	0.59128946
42.016602	5966.8071	0.59201229
42.036133	5994.7808	0.59305495
42.055664	6033.9497	0.59450638
42.075195	6052.5537	0.5957464
42.094727	6070.3618	0.59635222
42.114258	6105.9175	0.59666789
42.133789	6123.7407	0.59712893
42.15332	6134.3057	0.59819108
42.172852	6161.2627	0.59936577
42.192383	6177.8115	0.60034418
42.211914	6182.5454	0.60064387
42.231445	6204.0542	0.60070187
42.250977	6224.0278	0.60102218
42.270508	6219.5542	0.6018489
42.290039	6232.6812	0.60282719
42.30957	6249.7046	0.60337865
42.329102	6241.7925	0.60336518
42.348633	6243.3872	0.60306776
42.368164	6256.1211	0.60303974
42.387695	6248.8311	0.60375977
42.407227	6242.6704	0.60435319
42.426758	6253.916	0.60453302
42.446289	6243.6392	0.60414636
42.46582	6225.7256	0.60364324
42.485352	6231.0713	0.60356265
42.504883	6221.188	0.60396081
42.524414	6197.939	0.60409582
42.543945	6192.2793	0.6038422
42.563477	6181.2046	0.60302567
42.583008	6152.7114	0.60233438
42.602539	6138.5825	0.60200286
42.62207	6126.2656	0.60202426
42.641602	6092.25	0.60191596
42.661133	6070.1367	0.60135907
42.680664	6057.9468	0.60024732
42.700195	6025.4946	0.59936082
42.719727	5991.5557	0.59890521
42.739258	5975.4941	0.59867626
42.758789	5940.834	0.59819186
42.77832	5901.7695	0.5972873
42.797852	5881.4131	0.5959844
42.817383	5846.8569	0.59501892
42.836914	5801.1064	0.59442991
42.856445	5775.4141	0.594055
42.875977	5741.9224	0.59340364
42.895508	5694.041	0.59207046
42.915039	5656.5957	0.59067631
42.93457	5628.9478	0.58936828
42.954102	5577.5176	0.5887627
42.973633	5538.3872	0.58819044
42.993164	5505.4102	0.58732367
43.012695	5454.7314	0.58575076
43.032227	5406.8799	0.58419347
43.051758	5374.394	0.5830164
43.071289	5328.98	0.5822233
43.09082	5274.0737	0.58147711
43.110352	5239.2031	0.58042085
43.129883	5196.6382	0.57870626
43.149414	5138.9629	0.57716542
43.168945	5101.0059	0.57590169
43.188477	5056.6577	0.57526344
43.208008	5001.6821	0.57435846
43.227539	4958.3232	0.57315558
43.24707	4923.2456	0.57157224
43.266602	4867.9053	0.57016695
43.286133	4819.7529	0.56899446
43.305664	4784.3262	0.56820399
43.325195	4732.6572	0.56729835
43.344727	4684.0166	0.56615925
43.364258	4647.6572	0.56446135
43.383789	4601.4893	0.56305063
43.40332	4552.9648	0.56207031
43.422852	4519.854	0.56155658
43.442383	4477.8657	0.56071866
43.461914	4423.6724	0.55939132
43.481445	4392.6113	0.55799603
43.500977	4357.1138	0.55656338
43.520508	4307.4238	0.5558725
43.540039	4271.1318	0.55534708
43.55957	4241.6514	0.55465299
43.579102	4199.5776	0.553442
43.598633	4164.0391	0.55204535
43.618164	4141.2925	0.55092746
43.637695	4101.7461	0.55034751
43.657227	4063.8384	0.54997241
43.676758	4043.9993	0.54932469
43.696289	4013.0496	0.5481326
43.71582	3976.6416	0.54692006
43.735352	3959.8711	0.54618096
43.754883	3938.3162	0.54601461
43.774414	3903.8679	0.54570568
43.793945	3889.9324	0.54514831
43.813477	3872.9382	0.54420668
43.833008	3844.583	0.54326165
43.852539	3831.0596	0.54277283
43.87207	3825.8792	0.54278129
43.891602	3801.3704	0.54264671
43.911133	3785.6597	0.54228002
43.930664	3787.3428	0.54135877
43.950195	3773.0894	0.5407095
43.969727	3758.7307	0.54050159
43.989258	3764.6946	0.54070652
44.008789	3756.5835	0.54075098
44.02832	3742.5942	0.54045051
44.047852	3754.0044	0.53977072
44.067383	3759.4539	0.53941554
44.086914	3749.6519	0.53950953
44.106445	3761.7798	0.54006892
44.125977	3774.9839	0.54030132
44.145508	3768.7566	0.5400641
44.165039	3779.094	0.53966004
44.18457	3799.1399	0.53939319
44.204102	3802.6099	0.53993219
44.223633	3815.4043	0.54062235
44.243164	3846.5137	0.54098231
44.262695	3855.0415	0.54099447
44.282227	3865.4004	0.54067111
44.301758	3901.1226	0.54084843
44.321289	3919.5645	0.54168665
44.34082	3934.7656	0.54247898
44.360352	3971.541	0.54297006
44.379883	3997.2549	0.5429585
44.399414	4013.1287	0.54312992
44.418945	4050.238	0.54360324
44.438477	4088.9883	0.54458773
44.458008	4104.8262	0.54554927
44.477539	4141.3862	0.54629028
44.49707	4186.0542	0.54641336
44.516602	4211.7261	0.54673666
44.536133	4246.2773	0.5474093
44.555664	4290.8027	0.54870117
44.575195	4325.1025	0.5498327
44.594727	4359.1108	0.55051529
44.614258	4408.7881	0.55087572
44.633789	4448.2251	0.55145079
44.65332	4479.8857	0.55236316
44.672852	4532.2949	0.55382985
44.692383	4578.5381	0.55511808
44.711914	4610.9546	0.55601943
44.731445	4660.1699	0.55648357
44.750977	4710.7778	0.55706698
44.770508	4745.6973	0.55835342
44.790039	4792.5889	0.55990469
44.80957	4846.3765	0.56124651
44.829102	4881.1523	0.56202644
44.848633	4926.6719	0.5626899
44.868164	4983.5708	0.56359303
44.887695	5021.8779	0.56504023
44.907227	5059.771	0.56664073
44.926758	5115.8979	0.56806964
44.946289	5160.5923	0.5688954
44.96582	5197.3657	0.56954509
44.985352	5252.8608	0.57053232
45.004883	5297.4292	0.57218027
45.024414	5332.3271	0.57378834
45.043945	5381.6904	0.57514632
45.063477	5432.2559	0.57595307
45.083008	5464.103	0.57675755
45.102539	5509.4731	0.57780689
45.12207	5558.3691	0.57959127
45.141602	5591.6401	0.58107752
45.161133	5630.25	0.58232254
45.180664	5677.8203	0.58299255
45.200195	5708.3477	0.58374578
45.219727	5742.2427	0.58486766
45.239258	5790.3418	0.58657831
45.258789	5820.376	0.58799124
45.27832	5844.4453	0.58904546
45.297852	5887.8271	0.58961558
45.317383	5922.5576	0.59026998
45.336914	5941.2524	0.59140092
45.356445	5977.7446	0.5928852
45.375977	6008.9819	0.59410447
45.395508	6025.2842	0.5949353
45.415039	6054.752	0.5952934
45.43457	6088.5288	0.59591126
45.454102	6099.4165	0.59699488
45.473633	6117.9336	0.59818608
45.493164	6149.0645	0.59917134
45.512695	6158.374	0.59960949
45.532227	6170.7437	0.59980279
45.551758	6197.7822	0.60024786
45.571289	6208.0815	0.60114318
45.59082	6209.9531	0.60211766
45.610352	6231.3672	0.60275304
45.629883	6239.9219	0.60284036
45.649414	6232.5137	0.60273838
45.668945	6244.3618	0.60295123
45.688477	6253.6777	0.60340166
45.708008	6240.4785	0.60399342
45.727539	6245.2583	0.60441262
45.74707	6253.2671	0.60402876
45.766602	6239.1289	0.60367548
45.786133	6233.6978	0.60350096
45.805664	6240.2227	0.60406536
45.825195	6220.6011	0.60441405
45.844727	6202.5132	0.60435122
45.864258	6205.8242	0.60359347
45.883789	6188.814	0.60292113
45.90332	6163.5869	0.60274029
45.922852	6156.1655	0.60292619
45.942383	6139.4775	0.60281092
45.961914	6107.7554	0.60235566
45.981445	6094.7969	0.60137266
46.000977	6075.3286	0.60042083
46.020508	6037.7539	0.59997034
46.040039	6014.8877	0.59989047
46.05957	5994.8403	0.59952283
46.079102	5955.7505	0.59861088
46.098633	5922.5825	0.59742075
46.118164	5904.1328	0.59636825
46.137695	5864.8887	0.59585202
46.157227	5826.1968	0.59546208
46.176758	5802.7754	0.59491545
46.196289	5762.8896	0.5937109
46.21582	5718.6812	0.59231633
46.235352	5690.3765	0.59114301
46.254883	5649.6094	0.59052187
46.274414	5600.5112	0.58984441
46.293945	5566.7627	0.58907217
46.313477	5532.2158	0.58766907
46.333008	5479.9033	0.58615279
46.352539	5439.4561	0.5848465
46.37207	5401.812	0.58421516
46.391602	5348.9556	0.58359277
46.411133	5306.0664	0.58252412
46.430664	5270.2651	0.58076668
46.450195	5217.897	0.57925868
46.469727	5167.3394	0.57803798
46.489258	5133.1455	0.57728761
46.508789	5083.9063	0.57652366
46.52832	5031.0786	0.57537675
46.547852	4991.4595	0.57367277
46.567383	4947.543	0.57210004
46.586914	4892.1353	0.57086402
46.606445	4854.5674	0.57027501
46.625977	4813.1553	0.56945819
46.645508	4756.3457	0.56820667
46.665039	4713.3262	0.56653303
46.68457	4679.8198	0.56501007
46.704102	4625.7217	0.56401938
46.723633	4581.0112	0.56341392
46.743164	4547.3604	0.56261528
46.762695	4498.5034	0.56125712
46.782227	4451.6934	0.55971891
46.801758	4423.7075	0.55843621
46.821289	4377.4805	0.55759805
46.84082	4327.1875	0.55705363
46.860352	4299.1343	0.55625927
46.879883	4263.1704	0.55499792
46.899414	4214.9102	0.55362725
46.918945	4186.5996	0.55235791
46.938477	4159.2158	0.55186296
46.958008	4115.5342	0.5514403
46.977539	4084.8164	0.55088377
46.99707	4063.7246	0.54955792
47.016602	4021.668	0.54836589
47.036133	3993.0005	0.54747218
47.055664	3978.4949	0.54718322
47.075195	3946.5042	0.54685938
47.094727	3915.0808	0.5462786
47.114258	3903.9155	0.54515141
47.133789	3881.042	0.54412955
47.15332	3852.5654	0.54350722
47.172852	3844.2427	0.54364985
47.192383	3829.6169	0.54351974
47.211914	3801.7954	0.54304391
47.231445	3799.1018	0.54212093
47.250977	3792.4402	0.5414176
47.270508	3769.8276	0.54107422
47.290039	3764.5034	0.54132605
47.30957	3769.3506	0.54128242
47.329102	3753.4863	0.54106486
47.348633	3744.9075	0.54023957
47.368164	3755.7144	0.53980237
47.387695	3749.301	0.53969121
47.407227	3744.1965	0.54015595
47.426758	3761.5627	0.54042202
47.446289	3762.0959	0.54012787
47.46582	3755.2881	0.53964388
47.485352	3774.5105	0.53936476
47.504883	3789.0303	0.53969336
47.524414	3787.9326	0.5403409
47.543945	3808.2195	0.54078948
47.563477	3831.438	0.54069096
47.583008	3836.2561	0.54042298
47.602539	3856.8638	0.54045451
47.62207	3887.2898	0.54107451
47.641602	3897.8938	0.54191405
47.661133	3917.626	0.54252619
47.680664	3955.8035	0.54248488
47.700195	3974.9336	0.54255563
47.719727	3994.0562	0.54290867
47.739258	4033.5039	0.54379237
47.758789	4062.1619	0.54473186
47.77832	4083.3364	0.5453763
47.797852	4125.4937	0.54550219
47.817383	4159.0107	0.54568994
47.836914	4181.2588	0.54633677
47.856445	4224.4536	0.54744041
47.875977	4268.3213	0.5485422
47.895508	4294.0439	0.54927421
47.915039	4334.5605	0.54962426
47.93457	4383.0352	0.55006844
47.954102	4414.9917	0.55101174
47.973633	4454.0967	0.55232996
47.993164	4507.0498	0.55366164
48.012695	4542.6309	0.55441445
48.032227	4581.8608	0.55486882
48.051758	4639.1826	0.55562764
48.071289	4681.4639	0.5567416
48.09082	4714.1743	0.55834424
48.110352	4767.0093	0.55965793
48.129883	4815.0293	0.56047702
48.149414	4851.3594	0.56109393
48.168945	4904.3579	0.56186777
48.188477	4952.5278	0.56324041
48.208008	4989.5811	0.56474286
48.227539	5037.3242	0.56612974
48.24707	5093.041	0.56706655
48.266602	5128.1768	0.56778187
48.286133	5172.1753	0.56877536
48.305664	5228.7085	0.5703994
48.325195	5266.3472	0.57190287
48.344727	5305.606	0.57341492
48.364258	5359.6128	0.57415038
48.383789	5401.0811	0.57503992
48.40332	5436.2681	0.5761162
48.422852	5487.6694	0.57776916
48.442383	5531.0771	0.57928962
48.461914	5560.5864	0.58061188
48.481445	5608.9883	0.58116645
48.500977	5653.4028	0.58206308
48.520508	5683.5654	0.58319616
48.540039	5722.5088	0.5847317
48.55957	5768.2544	0.58635616
48.579102	5796.4004	0.58739877
48.598633	5829.2539	0.58805221
48.618164	5875.2246	0.58889014
48.637695	5900.9258	0.59002286
48.657227	5924.9097	0.59145874
48.676758	5965.7495	0.59272486
48.696289	5991.0659	0.59362602
48.71582	6008.9966	0.59404933
48.735352	6044.688	0.59471595
48.754883	6071.666	0.59578747
48.774414	6083.6006	0.59711772
48.793945	6113.4595	0.59819454
48.813477	6138.5317	0.59868228
48.833008	6143.4805	0.59887505
48.852539	6167.0298	0.5992834
48.87207	6191.3706	0.60032111
48.891602	6196.0381	0.60123682
48.911133	6204.4258	0.60209751
48.930664	6228.7544	0.60231602
48.950195	6229.9004	0.60226238
48.969727	6232.6426	0.60240138
48.989258	6249.9663	0.60311943
49.008789	6247.3223	0.60379499
49.02832	6237.9453	0.60430807
49.047852	6252.7104	0.60402662
49.067383	6254.9966	0.60379809
49.086914	6238.3276	0.60374624
49.106445	6241.6987	0.60433263
49.125977	6245.2632	0.60479033
49.145508	6224.8823	0.60473382
49.165039	6217.6274	0.60408676
49.18457	6215.4746	0.60344905
49.204102	6191.8174	0.6033116
49.223633	6178.8843	0.60363579
49.243164	6177.3442	0.60365146
49.262695	6148.4907	0.60324973
49.282227	6123.2026	0.60234761
49.301758	6114.1958	0.60157627
49.321289	6089.3169	0.60116106
49.34082	6056.9819	0.601165
49.360352	6040.3574	0.60079205
49.379883	6013.0972	0.60013658
49.399414	5975.229	0.59885091
49.418945	5954.8013	0.59778559
49.438477	5928.9849	0.5973556
49.458008	5884.2847	0.59714311
49.477539	5854.4761	0.59659183
49.49707	5830.1797	0.59544933
49.516602	5786.1074	0.59420156
49.536133	5749.3311	0.59307867
49.555664	5720.9609	0.59252894
49.575195	5675.4082	0.5918988
49.594727	5630.2842	0.59108883
49.614258	5602.7891	0.58967501
49.633789	5555.687	0.5881747
49.65332	5505.6289	0.58695197
49.672852	5475.5732	0.58622903
49.692383	5434.2539	0.58563554
49.711914	5378.2041	0.58472216
49.731445	5341.5762	0.58302337
49.750977	5302.5303	0.58146578
49.770508	5247.9736	0.58020246
49.790039	5204.2534	0.57950443
49.80957	5163.1035	0.57866025
49.829102	5107.5293	0.57747674
49.848633	5063.0195	0.57588238
49.868164	5027.6626	0.5743857
49.887695	4974.8125	0.57304621
49.907227	4921.9521	0.5723632
49.926758	4886.8916	0.57148147
49.946289	4839.0879	0.57031387
49.96582	4784.6294	0.56863362
49.985352	4750.9644	0.56717962
50.004883	4705.4517	0.56605119
50.024414	4649.0801	0.5654552
50.043945	4612.9155	0.56466073
50.063477	4576.1094	0.56344533
50.083008	4521.3682	0.56183785
50.102539	4481.6113	0.56036848
50.12207	4450.6938	0.55941516
50.141602	4402.2041	0.55897808
50.161133	4360.04	0.55826455
50.180664	4330.1001	0.55694288
50.200195	4284.0635	0.55547327
50.219727	4243.1865	0.55421925
50.239258	4218.9746	0.55369473
50.258789	4180.4712	0.5532679
50.27832	4137.4414	0.55259728
50.297852	4113.4551	0.55132633
50.317383	4084.5481	0.54993731
50.336914	4045.0964	0.54900467
50.356445	4019.1475	0.54863018
50.375977	3995.8743	0.54833704
50.395508	3959.4807	0.54776621
50.415039	3937.3059	0.54654849
50.43457	3923.0027	0.54557186
50.454102	3892.2146	0.54479408
50.473633	3869.8601	0.54470664
50.493164	3864.0513	0.54459566
50.512695	3840.1914	0.54413664
50.532227	3817.3928	0.54312915
50.551758	3814.3877	0.54232991
50.571289	3799.4929	0.54189658
50.59082	3777.0405	0.54211229
50.610352	3779.0789	0.54209083
50.629883	3773.3503	0.54172289
50.649414	3754.2158	0.54100794
50.668945	3756.7266	0.54037148
50.688477	3760.9224	0.54021251
50.708008	3744.8567	0.54054344
50.727539	3746.3022	0.54076064
50.74707	3759.2947	0.54050636
50.766602	3754.4519	0.53994441
50.786133	3756.8853	0.53957486
50.805664	3775.8113	0.53986317
50.825195	3775.9775	0.54030395
50.844727	3779.7173	0.54078758
50.864258	3804.8447	0.54053485
50.883789	3818.855	0.54023451
50.90332	3824.0847	0.54015785
50.922852	3851.7561	0.54085064
50.942383	3873.9351	0.54156446
50.961914	3880.9128	0.54210317
50.981445	3909.4897	0.54197693
51.000977	3937.0356	0.54198986
51.020508	3951.2112	0.54232472
51.040039	3980.3557	0.54308081
51.05957	4019.2356	0.54405141
51.079102	4039.6428	0.54467601
51.098633	4065.7439	0.5448032
51.118164	4108.8306	0.54496354
51.137695	4134.3237	0.54544574
51.157227	4160.9229	0.54648745
51.176758	4208.4043	0.54763597
51.196289	4240.6216	0.54837769
51.21582	4267.9292	0.54866654
51.235352	4317.2642	0.54912966
51.254883	4358.7222	0.54988354
51.274414	4386.9126	0.55121213
51.293945	4432.7642	0.5524047
51.313477	4479.6338	0.55318862
51.333008	4511.9688	0.55353844
51.352539	4557.9263	0.55415875
51.37207	4608.7236	0.55530322
51.391602	4642.0254	0.55667466
51.411133	4684.9531	0.55809247
51.430664	4741.0615	0.55890286
51.450195	4779.0225	0.55941808
51.469727	4818.4395	0.56019813
51.489258	4876.1372	0.56159306
51.508789	4918.2769	0.56306237
51.52832	4957.3628	0.56447488
51.547852	5009.7891	0.56523985
51.567383	5057.0957	0.56601167
51.586914	5092.7803	0.56695682
51.606445	5146.459	0.56843108
51.625977	5196.5347	0.56998861
51.645508	5228.3765	0.57145053
51.665039	5277.7612	0.57233536
51.68457	5331.7915	0.57311398
51.704102	5366.3882	0.57424879
51.723633	5407.8916	0.57582796
51.743164	5460.7876	0.57741338
51.762695	5498.5073	0.5787217
51.782227	5534.0474	0.5794909
51.801758	5587.188	0.5802564
51.821289	5623.0229	0.58146799
51.84082	5654.7549	0.58308363
51.860352	5701.856	0.58447194
51.879883	5741.4092	0.58566797
51.899414	5766.5557	0.58637196
51.918945	5807.6206	0.58719748
51.938477	5848.2837	0.58828378
51.958008	5869.8696	0.58985156
51.977539	5907.1226	0.59124285
51.99707	5945.915	0.59214193
52.016602	5964.7314	0.59262621
52.036133	5992.1494	0.59324557
52.055664	6031.9126	0.59428978
52.075195	6050.7515	0.59569383
52.094727	6068.5522	0.59686011
52.114258	6102.0742	0.59750235
52.133789	6121.5444	0.59787238
52.15332	6132.5396	0.59834015
52.172852	6161.3535	0.59927505
52.192383	6178.6318	0.60038006
52.211914	6180.0425	0.60132855
52.231445	6201.3379	0.60147041
52.250977	6220.6226	0.6015166
52.270508	6216.9971	0.60182577
52.290039	6229.3403	0.60254335
52.30957	6246.7251	0.60346055
52.329102	6238.9897	0.60392648
52.348633	6243.5552	0.60383964
52.368164	6255.7725	0.60360169
52.387695	6245.4946	0.60357547
52.407227	6239.8428	0.60419434
52.426758	6252.1489	0.60467553
52.446289	6243.5815	0.60488725
52.46582	6225.5386	0.60435688
52.485352	6232.3071	0.60399401
52.504883	6223.4541	0.60371017
52.524414	6199.1357	0.60409695
52.543945	6190.9932	0.6041252
52.563477	6180.4819	0.60398537
52.583008	6153.5898	0.60301566
52.602539	6140.0659	0.60234374
52.62207	6128.5679	0.60195154
52.641602	6095.9761	0.60205925
52.661133	6072.6089	0.6019246
52.680664	6060.145	0.60124332
52.700195	6025.9575	0.60013056
52.719727	5993.9751	0.59909344
52.739258	5975.0811	0.59859568
52.758789	5940.7183	0.5983994
52.77832	5902.7739	0.59791678
52.797852	5883.4854	0.59692329
52.817383	5848.2476	0.59564161
52.836914	5804.2021	0.59459758
52.856445	5776.6167	0.59388691
52.875977	5744.4614	0.59359145
52.895508	5696.6519	0.59273738
52.915039	5660.3535	0.59153157
52.93457	5627.4272	0.59003794
52.954102	5577.6621	0.5888471
52.973633	5537.1621	0.58806753
52.993164	5505.208	0.58737803
53.012695	5452.9268	0.58647883
53.032227	5405.7378	0.58480096
53.051758	5374.4458	0.5834626
53.071289	5328.6289	0.58221424
53.09082	5275.9136	0.58147383
53.110352	5239.1235	0.58079422
53.129883	5194.3652	0.57964128
53.149414	5138.7896	0.57802933
53.168945	5099.5928	0.57639301
53.188477	5057.7314	0.57517147
53.208008	5000.3828	0.57454711
53.227539	4958.811	0.5737021
53.24707	4921.666	0.5725584
53.266602	4868.9678	0.5708431
53.286133	4819.6089	0.56931937
53.305664	4785.9067	0.56822217
53.325195	4733.5356	0.56745815
53.344727	4683.1406	0.56663436
53.364258	4648.7705	0.56547278
53.383789	4601.626	0.56383419
53.40332	4550.8433	0.56227255
53.422852	4519.1133	0.56142867
53.442383	4477.5698	0.56089902
53.461914	4425.9678	0.56018794
53.481445	4391.1411	0.5588131
53.500977	4357.8462	0.5573529
53.520508	4309.4541	0.55608755
53.540039	4273.5444	0.55542523
53.55957	4244.5566	0.55495983
53.579102	4198.2163	0.55415034
53.598633	4161.6563	0.55285299
53.618164	4139.1309	0.55158299
53.637695	4099.5649	0.5504846
53.657227	4063.7856	0.54998535
53.676758	4045.0364	0.54964197
53.696289	4015.1672	0.54898661
53.71582	3977.8403	0.54789376
53.735352	3960.3472	0.54686135
53.754883	3937.2065	0.54605371
53.774414	3903.0261	0.54580861
53.793945	3889.8408	0.54561836
53.813477	3876.0093	0.54504025
53.833008	3842.6506	0.54410708
53.852539	3830.5024	0.54331595
53.87207	3827.7979	0.54270941
53.891602	3802.5103	0.54277545
53.911133	3787.9348	0.54265368
53.930664	3788.1804	0.54224026
53.950195	3775.0386	0.54144567
53.969727	3758.1992	0.54084563
53.989258	3763.4463	0.5406428
54.008789	3757.0596	0.54102314
54.02832	3745.592	0.54105008
54.047852	3756.9707	0.54090607
54.067383	3759.8909	0.54010636
54.086914	3747.8789	0.53985792
54.106445	3758.7095	0.53991264
54.125977	3772.0408	0.54047263
54.145508	3768.4045	0.54071212
54.165039	3779.5823	0.54059213
54.18457	3802.6489	0.54018563
54.204102	3804.8665	0.54022664
54.223633	3822.2651	0.5406968
54.243164	3851.8032	0.54135543
54.262695	3862.269	0.54189122
54.282227	3872.3457	0.54178804
54.301758	3904.5054	0.54175389
54.321289	3924.7461	0.54183924
54.34082	3938.239	0.54258949
54.360352	3973.4324	0.543468
54.379883	4002.5774	0.54404652
54.399414	4018.0745	0.54414624
54.418945	4052.4973	0.54417646
54.438477	4091.1055	0.54468429
54.458008	4107.6646	0.54561973
54.477539	4144.8047	0.54671323
54.49707	4190.1191	0.54745275
54.516602	4214.1206	0.54759586
54.536133	4248.2334	0.54798341
54.555664	4295.6401	0.54868382
54.575195	4329.2974	0.54988647
54.594727	4362.0786	0.55108058
54.614258	4413.3867	0.55192238
54.633789	4451.3765	0.55226332
54.65332	4484.7261	0.55289549
54.672852	4537.7329	0.55385917
54.692383	4582.3457	0.55534375
54.711914	4615.1162	0.55660737
54.731445	4665.1802	0.55735344
54.750977	4714.2437	0.55794781
54.770508	4749.438	0.55868322
54.790039	4796.395	0.55990344
54.80957	4847.4653	0.5613699
54.829102	4883.2358	0.56279343
54.848633	4926.5454	0.56377423
54.868164	4985.7505	0.56434882
54.887695	5024.2979	0.56525981
54.907227	5065.8369	0.56669068
54.926758	5120.668	0.56819665
54.946289	5165.5151	0.56970704
54.96582	5202.5635	0.57055378
54.985352	5255.6685	0.57119215
55.004883	5300.0894	0.57223147
55.024414	5336.2939	0.5737803
55.043945	5389.2334	0.57545853
55.063477	5435.0488	0.57689369
55.083008	5466.0615	0.57766783
55.102539	5510.4912	0.5785228
55.12207	5559.4165	0.57953775
55.141602	5593.4385	0.58111107
55.161133	5631.5884	0.58273184
55.180664	5682.1079	0.58390701
55.200195	5713.3403	0.58466923
55.219727	5746.1104	0.58533496
55.239258	5795.9707	0.58647215
55.258789	5828.2251	0.58811319
55.27832	5852.0562	0.58956367
55.297852	5895.8438	0.59063822
55.317383	5927.3667	0.5911907
55.336914	5946.3174	0.59185106
55.356445	5984.1396	0.59289932
55.375977	6015.9609	0.59439367
55.395508	6030.2021	0.59560865
55.415039	6060.4673	0.59639931
55.43457	6093.6528	0.59667027
55.454102	6102.8545	0.59721065
55.473633	6122.7959	0.59808344
55.493164	6154.1196	0.59928781
55.512695	6161.5103	0.60034472
55.532227	6172.312	0.60059929
55.551758	6196.9707	0.60084385
55.571289	6206.6509	0.60111064
55.59082	6208.4941	0.6018151
55.610352	6229.8994	0.60278559
55.629883	6238.3301	0.60348469
55.649414	6231.7949	0.60351485
55.668945	6245.0127	0.60339642
55.688477	6255.6484	0.60338485
55.708008	6242.6919	0.6039933
55.727539	6245.9155	0.60465682
55.74707	6253.4932	0.60496461
55.766602	6238.4971	0.60465288
55.786133	6234.0508	0.60421717
55.805664	6241.6455	0.60388815
55.825195	6221.5254	0.60422236
55.844727	6206.1074	0.60463673
55.864258	6205.6401	0.60442615
55.883789	6187.9551	0.60367996
55.90332	6163.3555	0.60310805
55.922852	6156.9248	0.6027177
55.942383	6138.1997	0.60277659
55.961914	6105.688	0.60257518
55.981445	6093.3096	0.60218275
56.000977	6077.4082	0.60118878
56.020508	6035.333	0.60033792
56.040039	6015.0903	0.59969658
56.05957	5995.54	0.59963071
56.079102	5956.7974	0.59922898
56.098633	5924.0356	0.59840274
56.118164	5902.9219	0.59707677
56.137695	5863.9839	0.59606004
56.157227	5826.4644	0.59546739
56.176758	5802.8091	0.59506691
56.196289	5761.6509	0.59441215
56.21582	5717.2188	0.59329075
56.235352	5690.5029	0.59188485
56.254883	5653.2153	0.59058225
56.274414	5601.9971	0.58983403
56.293945	5567.7803	0.58935988
56.313477	5532.1299	0.58843905
56.333008	5477.9971	0.58708471
56.352539	5440.0776	0.58553576
56.37207	5404.312	0.584167
56.391602	5350.7515	0.58343643
56.411133	5306.7866	0.58270764
56.430664	5273.7026	0.58170265
56.450195	5220.7061	0.58016515
56.469727	5168.939	0.57860851
56.489258	5133.4722	0.57732993
56.508789	5084.9819	0.57655704
56.52832	5031.1392	0.57575071
56.547852	4995.3618	0.57466543
56.567383	4949.7563	0.57297039
56.586914	4894.5269	0.57152188
56.606445	4856.7881	0.57026333
56.625977	4816.1045	0.56958389
56.645508	4758.1553	0.56873322
56.665039	4715.1724	0.5675627
56.68457	4681.8579	0.56594318
56.704102	4628.9082	0.56438184
56.723633	4583.2959	0.56337398
56.743164	4548.4468	0.56267452
56.762695	4501.1606	0.5618903
56.782227	4454.3345	0.56080657
56.801758	4424.3774	0.55924588
56.821289	4380.4468	0.55784333
56.84082	4333.124	0.55701387
56.860352	4303.7822	0.55656248
56.879883	4267.5947	0.55585486
56.899414	4221.3037	0.55453891
56.918945	4190.7109	0.5532195
56.938477	4161.9268	0.55211395
56.958008	4118.1758	0.55134332
56.977539	4089.9404	0.55108678
56.99707	4068.4609	0.55050457
57.016602	4028.1006	0.5495013
57.036133	3998.5417	0.54821813
57.055664	3985.2832	0.54731834
57.075195	3952.2878	0.54703242
57.094727	3920.7312	0.54671085
57.114258	3907.4521	0.54628801
57.133789	3885.6074	0.54520154
57.15332	3854.9692	0.5441739
57.172852	3850.8958	0.5436554
57.192383	3834.7761	0.54346949
57.211914	3808.9104	0.54350376
57.231445	3800.1055	0.54323602
57.250977	3796.6064	0.54225498
57.270508	3774.7742	0.54157966
57.290039	3766.7141	0.54127848
57.30957	3771.1475	0.54143959
57.329102	3756.1782	0.5415591
57.348633	3750.9731	0.54136688
57.368164	3760.4592	0.54067671

Data Acquisition						Time:	70.695313	s	2/8/2024 3:02:13 PM
Time	Ch 1 Force	Bolt
s	N	V
57.387695	3753.0847	0.54017472
57.407227	3745.2446	0.54025173
57.426758	3758.5544	0.54060578
57.446289	3762.269	0.54088062
57.46582	3755.27	0.54068583
57.485352	3773.0933	0.54019445
57.504883	3788.6235	0.54002988
57.524414	3786.5374	0.54033291
57.543945	3807.9888	0.5410412
57.563477	3829.4771	0.54148567
57.583008	3833.9561	0.54142976
57.602539	3856.8345	0.54123211
57.62207	3887.6077	0.54121023
57.641602	3895.9602	0.54199147
57.661133	3917.2656	0.54274005
57.680664	3956.4412	0.54339868
57.700195	3974.3591	0.54341364
57.719727	3994.2686	0.54350626
57.739258	4032.2705	0.54373097
57.758789	4060.2097	0.54461366
57.77832	4081.9731	0.54563397
57.797852	4123.7861	0.54637724
57.817383	4159.6616	0.54662317
57.836914	4186.0469	0.54692686
57.856445	4228.1367	0.5476411
57.875977	4270.145	0.54873872
57.895508	4298.3662	0.54987764
57.915039	4336.9404	0.55073106
57.93457	4384.6255	0.55106288
57.954102	4416.7949	0.55154479
57.973633	4457.7617	0.5523662
57.993164	4509.8662	0.55377519
58.012695	4543.7529	0.5549953
58.032227	4580.7065	0.55596548
58.051758	4638.1138	0.55637246
58.071289	4681.2236	0.55716413
58.09082	4715.7197	0.55832458
58.110352	4770.0454	0.5597924
58.129883	4816.4917	0.56121904
58.149414	4850.2993	0.56205797
58.168945	4903.0474	0.56264544
58.188477	4953.623	0.56349146
58.208008	4989.0371	0.56481636
58.227539	5038.6245	0.56643635
58.24707	5092.4258	0.56789613
58.266602	5130.103	0.56880701
58.286133	5171.4292	0.56949115
58.305664	5228.7964	0.57046127
58.325195	5266.0635	0.57185614
58.344727	5306.0215	0.57356066
58.364258	5360.2397	0.57498467
58.383789	5400.6631	0.575872
58.40332	5436.1914	0.57659113
58.422852	5489.21	0.57764661
58.442383	5532.2861	0.57923627
58.461914	5562.0698	0.58078736
58.481445	5607.3701	0.58214176
58.500977	5653.1816	0.58285809
58.520508	5681.1416	0.58365697
58.540039	5724.6572	0.58475846
58.55957	5767.3823	0.58642358
58.579102	5793.0923	0.58790469
58.598633	5826.1191	0.58906716
58.618164	5873.1621	0.58968031
58.637695	5897.811	0.59035361
58.657227	5924.1641	0.59134042
58.676758	5970.0464	0.59286588
58.696289	5995.9771	0.59434819
58.71582	6012.6235	0.59518683
58.735352	6049.042	0.59557098
58.754883	6072.7217	0.59603626
58.774414	6085.5552	0.5969305
58.793945	6115.124	0.59819591
58.813477	6141.0469	0.59927475
58.833008	6144.6572	0.59991103
58.852539	6167.9834	0.60004252
58.87207	6193.9824	0.60035402
58.891602	6197.377	0.60117674
58.911133	6207.0591	0.60220963
58.930664	6227.6318	0.60303223
58.950195	6229.6797	0.603104
58.969727	6232.9033	0.60304511
58.989258	6252.2334	0.60309553
59.008789	6250.9004	0.60377306
59.02832	6242.439	0.60445005
59.047852	6255.0879	0.60488307
59.067383	6256.4658	0.60463214
59.086914	6238.8267	0.60420752
59.106445	6242.958	0.60410696
59.125977	6245.3721	0.60452175
59.145508	6225.3193	0.604904
59.165039	6220.4932	0.60491508
59.18457	6218.0283	0.60432279
59.204102	6189.7417	0.60368973
59.223633	6174.6895	0.60323942
59.243164	6172.3384	0.6034596
59.262695	6145.9888	0.60356051
59.282227	6119.6333	0.60312939
59.301758	6112.6162	0.60218477
59.321289	6087.1636	0.60143197
59.34082	6056.0005	0.60079598
59.360352	6039.8491	0.60074377
59.379883	6011.8184	0.60044038
59.399414	5971.6021	0.59964901
59.418945	5951.877	0.59846747
59.438477	5925.4028	0.59747255
59.458008	5879.0132	0.59674525
59.477539	5848.2095	0.59639841
59.49707	5824.8833	0.595837
59.516602	5778.6089	0.59483069
59.536133	5740.9546	0.59331131
59.555664	5713.9438	0.59220368
59.575195	5667.3452	0.59150851
59.594727	5622.3521	0.59095252
59.614258	5594.9238	0.59006232
59.633789	5549.6074	0.58884883
59.65332	5500.0493	0.58722842
59.672852	5470.8779	0.58592927
59.692383	5428.3848	0.58530456
59.711914	5374.5073	0.58468986
59.731445	5336.1758	0.58370352
59.750977	5297.7593	0.58215666
59.770508	5244.0947	0.58058637
59.790039	5203.2065	0.57920802
59.80957	5166.2476	0.57846344
59.829102	5111.3413	0.57771814
59.848633	5063.8091	0.57668626
59.868164	5028.1816	0.57513845
59.887695	4975.2046	0.57347083
59.907227	4926.1113	0.57220387
59.926758	4887.5645	0.57147276
59.946289	4840.8638	0.57068241
59.96582	4783.6357	0.56961584
59.985352	4747.5518	0.56780797
60.004883	4702.7319	0.56629521
60.024414	4651.1221	0.5652774
60.043945	4612.9883	0.56470776
60.063477	4577.0449	0.56383187
60.083008	4523.1963	0.56276488
60.102539	4482.8813	0.56102967
60.12207	4449.3882	0.55971402
60.141602	4401.0903	0.5588392
60.161133	4361.3794	0.55821639
60.180664	4330.0381	0.55756342
60.200195	4284.7588	0.55642849
60.219727	4241.3291	0.55495787
60.239258	4218.8535	0.55376279
60.258789	4180.4316	0.55311656
60.27832	4135.6733	0.55269843
60.297852	4112.4355	0.55199575
60.317383	4082.9412	0.55084658
60.336914	4042.7185	0.54958153
60.356445	4022.6641	0.54852819
60.375977	3998.2251	0.54811084
60.395508	3960.1094	0.54787701
60.415039	3936.6667	0.54734516
60.43457	3924.0566	0.54635751
60.454102	3894.219	0.54526603
60.473633	3867.5369	0.54452211
60.493164	3862.7073	0.54443121
60.512695	3837.7126	0.54439217
60.532227	3815.1753	0.54398483
60.551758	3813.998	0.54305393
60.571289	3796.1218	0.54232484
60.59082	3776.3428	0.54198551
60.610352	3776.8059	0.54201698
60.629883	3772.0132	0.54210615
60.649414	3750.927	0.54185396
60.668945	3754.1138	0.54109132
60.688477	3761.3696	0.5405466
60.708008	3746.6758	0.54031295
60.727539	3749.8726	0.54073679
60.74707	3760.0046	0.54095542
60.766602	3751.5205	0.54079235
60.786133	3753.4231	0.54027891
60.805664	3774.9475	0.5399707
60.825195	3778.4629	0.54025644
60.844727	3780.0562	0.54082519
60.864258	3805.5576	0.5413186
60.883789	3818.9919	0.54128361
60.90332	3823.467	0.54094857
60.922852	3848.6594	0.54083514
60.942383	3869.2222	0.54138732
60.961914	3880.071	0.54223734
60.981445	3908.7168	0.54281497
61.000977	3937.1411	0.54306984
61.020508	3950.3765	0.54287565
61.040039	3981.0784	0.54317892
61.05957	4017.5486	0.54395926
61.079102	4037.9568	0.5449456
61.098633	4064.3057	0.54570746
61.118164	4105.9194	0.54582083
61.137695	4134.2529	0.5460211
61.157227	4163.0728	0.54646003
61.176758	4208.3198	0.54760331
61.196289	4238.9995	0.54866159
61.21582	4263.7749	0.54954529
61.235352	4314.1973	0.54978049
61.254883	4355.2178	0.55015969
61.274414	4383.7075	0.55091488
61.293945	4430.7534	0.55221665
61.313477	4479.2373	0.55349457
61.333008	4511.2661	0.55446327
61.352539	4556.7231	0.5547958
61.37207	4609.2559	0.55551481
61.391602	4642.4873	0.5565654
61.411133	4685.4961	0.55803603
61.430664	4742.1963	0.55936801
61.450195	4778.8447	0.56032348
61.469727	4819.3779	0.56091857
61.489258	4872.958	0.56162965
61.508789	4920.2095	0.56291419
61.52832	4956.6499	0.56453633
61.547852	5010.5513	0.56599462
61.567383	5056.5811	0.56696057
61.586914	5093.5854	0.56757951
61.606445	5144.7979	0.56846023
61.625977	5199.02	0.57000721
61.645508	5230.791	0.57166839
61.665039	5277.2754	0.57307661
61.68457	5331.7285	0.57392234
61.704102	5367.1777	0.57469517
61.723633	5408.936	0.57572216
61.743164	5462.5459	0.57726371
61.762695	5497.271	0.57889932
61.782227	5535.5898	0.58029276
61.801758	5585.9663	0.58101791
61.821289	5621.2598	0.5817889
61.84082	5651.0991	0.58289963
61.860352	5702.4165	0.58433515
61.879883	5742.1284	0.58592409
61.899414	5766.5815	0.58721268
61.918945	5808.584	0.58792251
61.938477	5846.9316	0.58859801
61.958008	5869.9541	0.58951592
61.977539	5906.8364	0.59103179
61.99707	5946.0703	0.59238553
62.016602	5963.356	0.59344661
62.036133	5992.3877	0.59389669
62.055664	6032.4492	0.5945437
62.075195	6049.6821	0.59546429
62.094727	6068.2104	0.59679699
62.114258	6102.6768	0.59795403
62.133789	6117.8667	0.59859282
62.15332	6130.5356	0.59886014
62.172852	6158.6084	0.59920478
62.192383	6178.3052	0.60006839
62.211914	6180.8013	0.60113442
62.231445	6201.4458	0.60195422
62.250977	6220.6245	0.60229069
62.270508	6217.7783	0.60230327
62.290039	6230.2378	0.60244918
62.30957	6245.4048	0.60307151
62.329102	6240.1011	0.60381263
62.348633	6240.8413	0.60440964
62.368164	6256.3818	0.6043219
62.387695	6247.187	0.60403752
62.407227	6239.7949	0.60391921
62.426758	6249.5713	0.6044085
62.446289	6241.125	0.60491276
62.46582	6223.6538	0.60510284
62.485352	6231.7178	0.60470092
62.504883	6225.9438	0.60414129
62.524414	6202.0977	0.60384285
62.543945	6196.6274	0.6040386
62.563477	6184.5962	0.60422909
62.583008	6154.9165	0.6039567
62.602539	6143.3613	0.60310179
62.62207	6132.2749	0.60235167
62.641602	6099.0703	0.60180056
62.661133	6073.5088	0.60180688
62.680664	6061.5356	0.60153174
62.700195	6026.1982	0.60099393
62.719727	5993.9463	0.59976906
62.739258	5975.9785	0.59881735
62.758789	5942.7905	0.59807789
62.77832	5904.0103	0.59786934
62.797852	5881.7769	0.59739506
62.817383	5849.042	0.59650314
62.836914	5802.8926	0.59519732
62.856445	5775.4551	0.59401476
62.875977	5745.3774	0.593261
62.895508	5695.292	0.5928579
62.915039	5659.9673	0.59218115
62.93457	5627.2788	0.59094554
62.954102	5578.8027	0.5893836
62.973633	5537.8086	0.58799994
62.993164	5508.2715	0.58728027
63.012695	5456.7075	0.58660215
63.032227	5407.5576	0.58576119
63.051758	5376.2764	0.58429176
63.071289	5328.124	0.58274436
63.09082	5279.2095	0.58131224
63.110352	5240.0488	0.58060753
63.129883	5196.3218	0.57983929
63.149414	5140.2979	0.57888067
63.168945	5103.52	0.57721639
63.188477	5059.6802	0.57552385
63.208008	5000.5054	0.57420558
63.227539	4957.7876	0.57354492
63.24707	4921.1685	0.57271183
63.266602	4867.7212	0.5716508
63.286133	4819.8472	0.57004297
63.305664	4785.3506	0.56848121
63.325195	4733.7803	0.56728733
63.344727	4681.9917	0.56647032
63.364258	4649.0459	0.5657506
63.383789	4602.397	0.5646655
63.40332	4551.6421	0.56313336
63.422852	4518.5176	0.56172788
63.442383	4479.9858	0.56069493
63.461914	4427.9263	0.56011629
63.481445	4392.1738	0.559484
63.500977	4359.4839	0.5583117
63.520508	4309.0767	0.55686289
63.540039	4273.5405	0.55545759
63.55957	4244.7749	0.55465639
63.579102	4198.9844	0.55422693
63.598633	4163.1387	0.55374312
63.618164	4140.3086	0.55248153
63.637695	4101.4102	0.55112708
63.657227	4062.583	0.54998761
63.676758	4044.5242	0.54954302
63.696289	4013.3442	0.54929221
63.71582	3978.3716	0.54877388
63.735352	3961.9221	0.54771805
63.754883	3938.7937	0.54658246
63.774414	3905.1196	0.54569584
63.793945	3890.7112	0.54554147
63.813477	3876.9409	0.54542726
63.833008	3843.5837	0.54509556
63.852539	3828.1687	0.54390651
63.87207	3825.9666	0.54317772
63.891602	3801.6497	0.54268396
63.911133	3787.0034	0.54264444
63.930664	3788.1958	0.54278976
63.950195	3772.5149	0.54245764
63.969727	3759.8972	0.54167533
63.989258	3765.8843	0.54104018
64.008789	3759.2883	0.54093444
64.02832	3745.2139	0.54115665
64.047852	3754.4065	0.54130101
64.067383	3762.3757	0.54119694
64.086914	3749.3586	0.54063785
64.106445	3758.1636	0.54021215
64.125977	3772.3911	0.54032248
64.145508	3767.2253	0.54080117
64.165039	3779.8684	0.54118925
64.18457	3802.0166	0.54115552
64.204102	3803.5544	0.5408389
64.223633	3817.8875	0.54067564
64.243164	3846.1882	0.5411914
64.262695	3857.2185	0.5418272
64.282227	3868.8164	0.54239756
64.301758	3899.9473	0.54248595
64.321289	3921.9819	0.54235351
64.34082	3937.1138	0.54255736
64.360352	3972.2212	0.54327893
64.379883	3999.4751	0.54422861
64.399414	4013.5864	0.54488468
64.418945	4050.9094	0.54506665
64.438477	4089.2463	0.54517615
64.458008	4109.0396	0.54558128
64.477539	4144.5039	0.54658985
64.49707	4187.7725	0.54766154
64.516602	4214.0195	0.54837209
64.536133	4248.4492	0.54868227
64.555664	4295.1357	0.54887551
64.575195	4327.0249	0.54968679
64.594727	4361.5044	0.55105013
64.614258	4412.7168	0.55224967
64.633789	4450.3589	0.55317688
64.65332	4482.2749	0.5535056
64.672852	4533.9063	0.55422342
64.692383	4578.3569	0.55502158
64.711914	4613.6899	0.55652851
64.731445	4661.4541	0.55783141
64.750977	4710.5029	0.55876464
64.770508	4744.71	0.55924124
64.790039	4794.6001	0.55994773
64.80957	4848.1812	0.56114966
64.829102	4883.2603	0.562783
64.848633	4927.8887	0.56417918
64.868164	4983.6362	0.56508946
64.887695	5023.626	0.56570983
64.907227	5064.8867	0.56658614
64.926758	5119.0894	0.56800723
64.946289	5160.7998	0.56970584
64.96582	5199.3931	0.57103735
64.985352	5255.2969	0.57200718
65.004883	5299.9268	0.57274634
65.024414	5332.8022	0.57374984
65.043945	5384.0029	0.57527339
65.063477	5433.3032	0.57686877
65.083008	5467.1353	0.57828951
65.102539	5508.8472	0.57911509
65.12207	5559.6582	0.57988608
65.141602	5590.5596	0.58088624
65.161133	5632.1934	0.58253098
65.180664	5680.6875	0.58414942
65.200195	5710.1875	0.58542448
65.219727	5743.5317	0.58599877
65.239258	5790.5688	0.58673388
65.258789	5823.6558	0.58788836
65.27832	5850.126	0.58944243
65.297852	5891.5347	0.59086174
65.317383	5925.0879	0.59189194
65.336914	5944.5728	0.59234703
65.356445	5981.519	0.59300017
65.375977	6013.1133	0.59393394
65.395508	6028.1895	0.59543175
65.415039	6056.9634	0.59665328
65.43457	6092.2188	0.59734827
65.454102	6104.2329	0.59770513
65.473633	6122.3584	0.59821594
65.493164	6154.2642	0.59905243
65.512695	6162.5508	0.60024011
65.532227	6173.2065	0.60118568
65.551758	6199.3657	0.60162669
65.571289	6208.3081	0.60163933
65.59082	6208.1221	0.60183144
65.610352	6230.2305	0.60257816
65.629883	6239.3896	0.60333306
65.649414	6233.3989	0.60394096
65.668945	6246.5308	0.60401225
65.688477	6256.4526	0.6037851
65.708008	6244.3008	0.60387051
65.727539	6248.5483	0.60440099
65.74707	6255.3984	0.60495722
65.766602	6241.2661	0.60518467
65.786133	6235.812	0.6048218
65.805664	6240.5112	0.60439414
65.825195	6222.4482	0.60400468
65.844727	6204.1118	0.60432756
65.864258	6205.6523	0.60457081
65.883789	6187.1919	0.60442078
65.90332	6165.1846	0.60358799
65.922852	6156.1353	0.60298729
65.942383	6138.2998	0.60251671
65.961914	6105.9282	0.60261929
65.981445	6093.2686	0.60244536
66.000977	6076.3169	0.60190374
66.020508	6038.4482	0.6007899
66.040039	6016.2095	0.59979641
66.05957	5998.4482	0.59929234
66.079102	5959.1626	0.59908259
66.098633	5928.3657	0.59872353
66.118164	5905.1392	0.59784532
66.137695	5865.3486	0.596578
66.157227	5827.6187	0.59541738
66.176758	5806.5752	0.5946756
66.196289	5765.082	0.5943585
66.21582	5720.4834	0.59369671
66.235352	5692.002	0.59259701
66.254883	5653.5762	0.59109318
66.274414	5598.9922	0.58978844
66.293945	5563.4561	0.58904582
66.313477	5528.2344	0.58838499
66.333008	5475.0605	0.58745396
66.352539	5437.8955	0.58602273
66.37207	5401.1074	0.58442736
66.391602	5347.0405	0.58315986
66.411133	5302.0747	0.58235282
66.430664	5270.9634	0.58162922
66.450195	5216.9258	0.58055723
66.469727	5164.605	0.5790388
66.489258	5130.624	0.57749939
66.508789	5082.9053	0.57621014
66.52832	5034.3491	0.57554841
66.547852	4994.5107	0.57472575
66.567383	4946.9648	0.57367623
66.586914	4891.7651	0.57199621
66.606445	4853.7842	0.57035404
66.625977	4814.418	0.56915486
66.645508	4755.4033	0.56847298
66.665039	4715.561	0.56770527
66.68457	4679.0928	0.56651306
66.704102	4625.6909	0.56502199
66.723633	4580.4609	0.5634613
66.743164	4547.3618	0.56246036
66.762695	4498.5825	0.56186223
66.782227	4451.4409	0.56109673
66.801758	4421.8037	0.55991066
66.821289	4379.8291	0.55841017
66.84082	4330.106	0.55696374
66.860352	4302.8257	0.55628157
66.879883	4265.3906	0.55575216
66.899414	4218.6797	0.55513763
66.918945	4188.1572	0.55390948
66.938477	4160.5815	0.55258644
66.958008	4115.9595	0.55145454
66.977539	4088.2935	0.55085731
66.99707	4067.739	0.55052978
67.016602	4026.5278	0.54996365
67.036133	3997.4563	0.54885399
67.055664	3981.3892	0.54763156
67.075195	3949.1396	0.54683203
67.094727	3918.0857	0.54656917
67.114258	3907.1294	0.54642773
67.133789	3883.0598	0.54588169
67.15332	3854.2158	0.54493153
67.172852	3846.3267	0.5439496
67.192383	3832.1145	0.54332846
67.211914	3804.72	0.54337376
67.231445	3798.3423	0.54324663
67.250977	3795.3125	0.5430398
67.270508	3772.8298	0.54215026
67.290039	3764.5974	0.54145193
67.30957	3769.7295	0.54121482
67.329102	3753.1807	0.54142892
67.348633	3746.842	0.54155368
67.368164	3758.676	0.5412991
67.387695	3749.9446	0.54071498
67.407227	3744.8677	0.54026353
67.426758	3762.0669	0.54032302
67.446289	3765.6516	0.54088485
67.46582	3757.4761	0.54110342
67.485352	3776.0574	0.54094601
67.504883	3789.9824	0.54059798
67.524414	3789.1924	0.54041499
67.543945	3811.303	0.54080379
67.563477	3833.1292	0.5415622
67.583008	3837.512	0.54209763
67.602539	3858.0127	0.5421266
67.62207	3889.374	0.54190356
67.641602	3898.1453	0.54197347
67.661133	3919.1846	0.54270995
67.680664	3956.7622	0.54351193
67.700195	3974.8025	0.54414856
67.719727	3995.6741	0.54430717
67.739258	4035.8347	0.54437649
67.758789	4062.363	0.54470235
67.77832	4084.4478	0.54564536
67.797852	4126.8379	0.54674417
67.817383	4162.0308	0.54747802
67.836914	4182.251	0.54764885
67.856445	4227.3848	0.54787153
67.875977	4272.1006	0.54862607
67.895508	4296.1748	0.54986602
67.915039	4338.2686	0.55104524
67.93457	4385.0811	0.55185264
67.954102	4416.708	0.55218607
67.973633	4456.4917	0.55268967
67.993164	4508.5107	0.55357009
68.012695	4543.6582	0.55501771
68.032227	4581.6851	0.55633676
68.051758	4637.2622	0.55710739
68.071289	4678.3145	0.55756229
68.09082	4713.2109	0.55829442
68.110352	4766.2539	0.5593949
68.129883	4814.4688	0.56104422
68.149414	4850.9287	0.56244123
68.168945	4902.6924	0.56334597
68.188477	4952.688	0.5639798
68.208008	4988.8857	0.56484109
68.227539	5037.6694	0.56617582
68.24707	5090.9033	0.56778187
68.266602	5128.2197	0.56920832
68.286133	5170.6035	0.57013404
68.305664	5226.7012	0.5708698
68.325195	5266.2095	0.57181728
68.344727	5305.5654	0.57346892
68.364258	5360.7339	0.57504934
68.383789	5397.6499	0.57644141
68.40332	5434.2773	0.57725388
68.422852	5486.7788	0.57797372
68.442383	5531.374	0.57907474
68.461914	5561.062	0.58061427
68.481445	5606.96	0.58226949
68.500977	5653.6699	0.58345777
68.520508	5681.3022	0.58412868
68.540039	5723.0718	0.58493489
68.55957	5767.8364	0.5860756
68.579102	5791.687	0.58761412
68.598633	5828.2139	0.58909082
68.618164	5874.7339	0.59024042
68.637695	5897.6543	0.5907529
68.657227	5924.4463	0.59141821
68.676758	5966.1289	0.59253478
68.696289	5989.4434	0.59393412
68.71582	6009.4297	0.59515905
68.735352	6043.9424	0.59602422
68.754883	6070.2227	0.59635895
68.774414	6082.8428	0.59695965
68.793945	6114.6216	0.59791577
68.813477	6139.7139	0.59912801
68.833008	6146.0591	0.60006493
68.852539	6165.9316	0.60058844
68.87207	6190.7788	0.60064226
68.891602	6194.3472	0.60095114
68.911133	6203.8638	0.6017319
68.930664	6228.2876	0.60272104
68.950195	6229.2979	0.60348654
68.969727	6231.0029	0.60352653
68.989258	6248.167	0.60339415
69.008789	6248.1382	0.60344803
69.02832	6239.2417	0.60403907
69.047852	6253.1636	0.60469711
69.067383	6255.2354	0.60501415
69.086914	6238.3882	0.60476226
69.106445	6242.2495	0.60434645
69.125977	6244.6323	0.60418826
69.145508	6222.8491	0.60446882
69.165039	6219.7334	0.60495025
69.18457	6217.0723	0.60473549
69.204102	6189.3628	0.60415494
69.223633	6176.7134	0.60350275
69.243164	6174.5005	0.60307455
69.262695	6148.4395	0.60325658
69.282227	6121.1016	0.6032213
69.301758	6113.4453	0.60278445
69.321289	6086.1235	0.60180181
69.34082	6053.4399	0.60093319
69.360352	6037.9668	0.60033333
69.379883	6012.731	0.60012227
69.399414	5973.9731	0.59989578
69.418945	5952.7178	0.59910971
69.438477	5929.1157	0.59789252
69.458008	5882.8159	0.59685224
69.477539	5852.1851	0.59608036
69.49707	5827.9316	0.5958572
69.516602	5783.9575	0.59525794
69.536133	5746.5464	0.59413463
69.555664	5719.6182	0.59274018
69.575195	5674.8169	0.59150231
69.594727	5631.0513	0.59082818
69.614258	5603.813	0.59032845
69.633789	5557.625	0.58953637
69.65332	5507.8008	0.5880549
69.672852	5475.3071	0.58643728
69.692383	5434.377	0.58517408
69.711914	5381.3955	0.58448398
69.731445	5342.7549	0.58371788
69.750977	5301.0918	0.58273888
69.770508	5247.4995	0.58117497
69.790039	5204.7466	0.57956588
69.80957	5166.9976	0.57829583
69.829102	5110.2866	0.57748032
69.848633	5063.9365	0.57677436
69.868164	5028.231	0.57570755
69.887695	4976.9531	0.57402545
69.907227	4925.4258	0.57254273
69.926758	4888.0801	0.5713647
69.946289	4839.5664	0.57063538
69.96582	4787.0625	0.56978637
69.985352	4751.3569	0.56855297
70.004883	4707.2422	0.56706834
70.024414	4652.4053	0.56542003
70.043945	4616.6333	0.56438929
70.063477	4577.3662	0.56382591
70.083008	4522.8818	0.56308085
70.102539	4482.7603	0.56175959
70.12207	4451.5933	0.56016248
70.141602	4403.3101	0.55883539
70.161133	4362.9111	0.55805278
70.180664	4331.6152	0.55736184
70.200195	4286.5493	0.55675375
70.219727	4244.2134	0.5556252
70.239258	4220.4126	0.55420601
70.258789	4182.9355	0.55296087
70.27832	4137.9683	0.55235326
70.297852	4113.6724	0.5519895
70.317383	4083.8779	0.55128372
70.336914	4043.1643	0.55013454
70.356445	4021.3853	0.54896146
70.375977	3996.8	0.5480125
70.395508	3958.3398	0.54761511
70.415039	3937.6975	0.5473178
70.43457	3923.8499	0.54687268
70.454102	3889.564	0.54583627
70.473633	3867.5771	0.54487854
70.493164	3862.8491	0.54416317
70.512695	3838.7856	0.54404473
70.532227	3816.7568	0.54419261
70.551758	3810.3601	0.54374313
70.571289	3794.1624	0.54292893
70.59082	3774.3091	0.54207039
70.610352	3776.9978	0.54171956
70.629883	3771.5481	0.54193562
70.649414	3750.0754	0.54205292
70.668945	3753.8521	0.54190826
70.688477	3760.5708	0.54113501

Data Acquisition						Time:	70.698242	s	2/8/2024 3:02:13 PM
Time	Ch 1 Force	Bolt
s	N	V
70.692383	6261.5176	0.60523534
37.374023	3740.655	0.5388459
