MTS793|MPT|ENU|1|2|.|/|:|1|0|0|A

Data Acquisition						Time:	57.383789	s	2/8/2024 2:43:55 PM
Time	Ch 1 Force	Bolt
s	N	V
37.402344	3758.5366	0.49552384
37.421875	3760.0625	0.49508142
37.441406	3749.7373	0.4946546
37.460938	3763.179	0.49481407
37.480469	3773.1025	0.49539191
37.5	3768.4363	0.49576524
37.519531	3785.8201	0.49570894
37.539063	3807.5593	0.49531552
37.558594	3808.1772	0.49523875
37.578125	3825.6592	0.49556223
37.597656	3853.2808	0.49628612
37.617188	3861.7629	0.49669194
37.636719	3878.1423	0.49672127
37.65625	3911.2173	0.49642
37.675781	3928.7368	0.49646124
37.695313	3945.3381	0.49708959
37.714844	3985.2996	0.49782947
37.734375	4007.7725	0.498227
37.753906	4024.9294	0.49819005
37.773438	4065.7378	0.4980942
37.792969	4099.8052	0.49818021
37.8125	4121.0259	0.49897972
37.832031	4159.8638	0.49976164
37.851563	4201.0474	0.50042385
37.871094	4226.478	0.50036037
37.890625	4264.7251	0.50038105
37.910156	4313.5552	0.50068587
37.929688	4340.832	0.5016135
37.949219	4376.3271	0.5024879
37.96875	4429.8315	0.50288624
37.988281	4464.5327	0.50280297
38.007813	4498.7095	0.50294703
38.027344	4551.9004	0.50349444
38.046875	4593.6338	0.50449491
38.066406	4627.6162	0.50522768
38.085938	4681.9575	0.50569761
38.105469	4728.0991	0.50575107
38.125	4761.4976	0.50604773
38.144531	4813.5322	0.50666034
38.164063	4867.2603	0.50769293
38.183594	4900.7134	0.50873005
38.203125	4946.042	0.50899011
38.222656	5004.4048	0.50915456
38.242188	5040.5342	0.5093267
38.261719	5084.958	0.51016146
38.28125	5140.7651	0.51125997
38.300781	5178.8286	0.51210654
38.320313	5217.9414	0.51239663
38.339844	5274.3052	0.51247823
38.359375	5314.5537	0.51290703
38.378906	5351.9683	0.51375991
38.398438	5404.8091	0.51503009
38.417969	5452.104	0.51585472
38.4375	5483.0615	0.51604301
38.457031	5530.7642	0.51615906
38.476563	5576.6333	0.51653975
38.496094	5605.688	0.51753968
38.515625	5647.9375	0.51850939
38.535156	5695.1865	0.51923883
38.554688	5723.3677	0.51933551
38.574219	5758.3872	0.51954246
38.59375	5804.3784	0.51997292
38.613281	5834.9731	0.52111334
38.632813	5860.1533	0.52197421
38.652344	5902.7759	0.52249062
38.671875	5932.1665	0.52254707
38.691406	5953.6699	0.52274007
38.710938	5991.7241	0.52328122
38.730469	6021.8433	0.52428019
38.75	6034.854	0.52517915
38.769531	6064.5972	0.52555966
38.789063	6096.1201	0.52539206
38.808594	6106.0977	0.52559996
38.828125	6127.8667	0.5261656
38.847656	6156.8135	0.52714771
38.867188	6163.4785	0.52794302
38.886719	6176.7705	0.52801341
38.90625	6201.9023	0.52785236
38.925781	6206.6113	0.52786583
38.945313	6210.7554	0.52839822
38.964844	6231.2119	0.52905357
38.984375	6238.3208	0.52957243
39.003906	6231.7466	0.52940166
39.023438	6245.6973	0.52902168
39.042969	6251.415	0.52889198
39.0625	6241.1816	0.52928352
39.082031	6247.4351	0.52968657
39.101563	6249.8271	0.52988994
39.121094	6234.4487	0.5294373
39.140625	6230.8613	0.52883184
39.160156	6235.2837	0.52851057
39.179688	6215.6011	0.52862692
39.199219	6199.6826	0.52883637
39.21875	6199.7012	0.52858323
39.238281	6175.8525	0.52771842
39.257813	6154.5142	0.52703613
39.277344	6146.9868	0.52646106
39.296875	6123.0361	0.52649873
39.316406	6094.3096	0.52646494
39.335938	6082.8213	0.52609044
39.355469	6061.7549	0.52507585
39.375	6022.6396	0.52422678
39.394531	6001.9678	0.52373385
39.414063	5981.8687	0.52373004
39.433594	5940.7041	0.5235889
39.453125	5913.8203	0.52298892
39.472656	5890.9531	0.52195346
39.492188	5848.8667	0.52107024
39.511719	5813.3662	0.52058434
39.53125	5789.4229	0.52053356
39.550781	5744.6509	0.52023077
39.570313	5699.2876	0.5195533
39.589844	5674.7349	0.51843387
39.609375	5633.4053	0.51749158
39.628906	5585.1279	0.51726556
39.648438	5554.1543	0.51704001
39.667969	5511.6313	0.5167836
39.6875	5457.9116	0.51589602
39.707031	5421.9443	0.51487362
39.726563	5386.021	0.51405221
39.746094	5329.5044	0.5137285
39.765625	5287.5488	0.51348394
39.785156	5254.9707	0.51311427
39.804688	5199.1738	0.51218742
39.824219	5150.6406	0.51119226
39.84375	5115.3018	0.51033002
39.863281	5064.5098	0.51032048
39.882813	5012.0752	0.51009047
39.902344	4978.9326	0.50969118
39.921875	4930.6113	0.50861186
39.941406	4873.3745	0.50774062
39.960938	4837.8813	0.50702274
39.980469	4796.9414	0.50695968
40	4739.2544	0.50668395
40.019531	4699.1973	0.50616366
40.039063	4661.875	0.50518924
40.058594	4608.2642	0.50433266
40.078125	4567.0142	0.5038873
40.097656	4536.8057	0.50399333
40.117188	4480.8384	0.50377446
40.136719	4437.8179	0.50312108
40.15625	4411.7017	0.50219351
40.175781	4363.6548	0.50153637
40.195313	4318.6719	0.50115645
40.214844	4291.3638	0.50112998
40.234375	4255.2358	0.5009712
40.253906	4206.4204	0.50038588
40.273438	4182.3628	0.49946812
40.292969	4150.5327	0.49889064
40.3125	4106.229	0.49867606
40.332031	4080.0857	0.49886477
40.351563	4058.3772	0.4986805
40.371094	4016.8872	0.49808237
40.390625	3990.2053	0.49742168
40.410156	3976.1492	0.49688354
40.429688	3941.5308	0.49689418
40.449219	3916.0305	0.49708787
40.46875	3904.8047	0.49706313
40.488281	3877.092	0.49650979
40.507813	3851.4614	0.49587065
40.527344	3847.54	0.49553972
40.546875	3831.2283	0.49577641
40.566406	3803.7546	0.4959771
40.585938	3800.0181	0.49603209
40.605469	3793.27	0.49552709
40.625	3771.4995	0.49495381
40.644531	3771.7844	0.49475539
40.664063	3775.0396	0.4951143
40.683594	3756.7058	0.49547955
40.703125	3756.0813	0.49546483
40.722656	3767.4148	0.49502134
40.742188	3757.7324	0.49462914
40.761719	3752.4045	0.4946619
40.78125	3770.9712	0.49521095
40.800781	3770.989	0.49556938
40.820313	3767.8289	0.49558848
40.839844	3789.0542	0.49516734
40.859375	3798.3193	0.49488598
40.878906	3800.5476	0.49517262
40.898438	3824.4534	0.49587476
40.917969	3843.1797	0.4963586
40.9375	3845.9929	0.49632296
40.957031	3872.3074	0.49602896
40.976563	3903.6746	0.49599352
40.996094	3911.6687	0.49639618
41.015625	3935.6152	0.49709621
41.035156	3972.0032	0.49777174
41.054688	3988.3726	0.49778539
41.074219	4011.6978	0.49755555
41.09375	4055.2197	0.49760258
41.113281	4079.4287	0.49827632
41.132813	4101.0015	0.49905193
41.152344	4146.6367	0.49966151
41.171875	4179.252	0.49971974
41.191406	4200.6245	0.49953431
41.210938	4247.9761	0.49969012
41.230469	4288.2822	0.5005492
41.25	4315.4897	0.50147885
41.269531	4361.2627	0.50225151
41.289063	4409.6787	0.50218791
41.308594	4435.1147	0.50224799
41.328125	4479.2378	0.50257856
41.347656	4532.8989	0.50349677
41.367188	4565.8359	0.50444609
41.386719	4604.3047	0.50507355
41.40625	4660.8555	0.50508046
41.425781	4699.938	0.50525105
41.445313	4738.4673	0.50575566
41.464844	4793.7188	0.50687349
41.484375	4835.9531	0.50771743
41.503906	4869.8892	0.50824064
41.523438	4927.0249	0.50835085
41.542969	4976.7383	0.5085746
41.5625	5009.2363	0.50913996
41.582031	5060.7153	0.51025164
41.601563	5113.4102	0.51122051
41.621094	5149.7451	0.51169837
41.640625	5196.5181	0.51172131
41.660156	5248.6563	0.51198614
41.679688	5283.8447	0.5128057
41.699219	5325.6001	0.5138725
41.71875	5383.1548	0.51477575
41.738281	5421.5405	0.51515371
41.757813	5454.4883	0.51518786
41.777344	5507.6846	0.5156315
41.796875	5548.1763	0.51649308
41.816406	5580.2598	0.51748341
41.835938	5628.2598	0.51830965
41.855469	5670.1514	0.51855618
41.875	5698.5005	0.51868761
41.894531	5744.2305	0.51905578
41.914063	5785.7622	0.520046
41.933594	5806.9751	0.52097982
41.953125	5843.0039	0.52177334
41.972656	5887.5342	0.52178299
41.992188	5910.8921	0.52190495
42.011719	5938.8169	0.52233672
42.03125	5978.7993	0.5233463
42.050781	5999.5078	0.52426702
42.070313	6021.0205	0.52471781
42.089844	6058.4619	0.52478856
42.109375	6077.7354	0.52488619
42.128906	6088.9238	0.52533019
42.148438	6122.6812	0.52633154
42.167969	6144.666	0.52705467
42.1875	6150.2754	0.52762699
42.207031	6171.6772	0.52734846
42.226563	6194.0322	0.527349
42.246094	6196.1982	0.52776611
42.265625	6210.272	0.5286079
42.285156	6230.3828	0.52923769
42.304688	6228.624	0.52928704
42.324219	6232.1284	0.52893978
42.34375	6250.585	0.52875704
42.363281	6246.8672	0.52914315
42.382813	6240.4473	0.52949482
42.402344	6253.6123	0.52993208
42.421875	6250.8096	0.52973318
42.441406	6236.7236	0.52905613
42.460938	6244.293	0.5287658
42.480469	6239.7344	0.52896011
42.5	6217.5508	0.52922153
42.519531	6214.4932	0.52918166
42.539063	6210.3027	0.52849525
42.558594	6183.7563	0.52778876
42.578125	6170.9253	0.52726704
42.597656	6165.2202	0.52715987
42.617188	6135.8052	0.52717859
42.636719	6113.3149	0.52692044
42.65625	6103.2783	0.52601981
42.675781	6072.4805	0.52517736
42.695313	6043.3159	0.52455008
42.714844	6030.6797	0.52454388
42.734375	6001.6641	0.52442825
42.753906	5961.4551	0.52403402
42.773438	5941.4102	0.52303189
42.792969	5913.313	0.52202213
42.8125	5869.7417	0.52145541
42.832031	5841.8442	0.52149796
42.851563	5813.4443	0.52119738
42.871094	5766.3569	0.52066219
42.890625	5733.1094	0.51962489
42.910156	5706.771	0.51859975
42.929688	5655.3848	0.51820797
42.949219	5612.7451	0.51808941
42.96875	5585.5259	0.5178659
42.988281	5539.2295	0.51705927
43.007813	5490.0371	0.5159443
43.027344	5459.7295	0.51503813
43.046875	5412.2573	0.51454818
43.066406	5360.1055	0.51455069
43.085938	5326.2153	0.51425147
43.105469	5283.8164	0.51334429
43.125	5225.1445	0.51230365
43.144531	5187.9424	0.51129377
43.164063	5149.5942	0.51109099
43.183594	5092.4219	0.51103318
43.203125	5045.2329	0.51059127
43.222656	5007.3892	0.50960171
43.242188	4951.9053	0.50861114
43.261719	4904.2974	0.50783855
43.28125	4870.2188	0.50757015
43.300781	4817.1211	0.50747836
43.320313	4764.3525	0.50713545
43.339844	4733.5098	0.50614685
43.359375	4688.2168	0.50524002
43.378906	4631.8672	0.50456673
43.398438	4599.1514	0.50454348
43.417969	4558.4399	0.50432718
43.4375	4505.2124	0.50392514
43.457031	4471.5684	0.50298345
43.476563	4435.3296	0.50218332
43.496094	4382.1909	0.50161862
43.515625	4345.8511	0.50161296
43.535156	4320.271	0.50160998
43.554688	4270.0962	0.50114447
43.574219	4230.4287	0.50025034
43.59375	4206.27	0.49944267
43.613281	4166.8359	0.4991582
43.632813	4126.7104	0.49935824
43.652344	4107.6851	0.49935794
43.671875	4072.9241	0.49879014
43.691406	4030.6335	0.49798888
43.710938	4015.2358	0.49735963
43.730469	3992.239	0.49730155
43.75	3953.3601	0.49755695
43.769531	3933.4795	0.49745876
43.789063	3919.4385	0.49693409
43.808594	3886.8638	0.49625662
43.828125	3868.4417	0.49571961
43.847656	3860.7896	0.49579498
43.867188	3830.8223	0.49617502
43.886719	3811.5046	0.49617183
43.90625	3815.2402	0.49570972
43.925781	3787.677	0.49503919
43.945313	3765.5706	0.49471721
43.964844	3771.146	0.49491051
43.984375	3763.2253	0.49532846
44.003906	3746.9238	0.49534607
44.023438	3752.3335	0.49491894
44.042969	3753.2483	0.49457967
44.0625	3739.9009	0.49440932
44.082031	3749.1147	0.49486428
44.101563	3761.9583	0.4953422
44.121094	3751.3535	0.49544218
44.140625	3756.7151	0.49500942
44.160156	3778.6484	0.49476665
44.179688	3778.4644	0.49477458
44.199219	3785.5752	0.49541369
44.21875	3811.7917	0.495897
44.238281	3821.2703	0.49608973
44.257813	3828.4976	0.495722
44.277344	3862.23	0.49553511
44.296875	3879.0239	0.49575534
44.316406	3886.4883	0.49657452
44.335938	3918.9939	0.49707109
44.355469	3947.717	0.49728391
44.375	3960.2791	0.49713701
44.394531	3993.6621	0.49707025
44.414063	4027.9875	0.4975982
44.433594	4045.4407	0.49826893
44.453125	4078.04	0.49900198
44.472656	4120.0225	0.49918294
44.492188	4143.1958	0.49908069
44.511719	4173.8911	0.49918872
44.53125	4223.5762	0.49980277
44.550781	4255.7397	0.50068283
44.570313	4283.4893	0.50133526
44.589844	4332.3862	0.50144684
44.609375	4370.6553	0.50147361
44.628906	4400.4673	0.50171125
44.648438	4451.1079	0.50254452
44.667969	4496.0557	0.50349182
44.6875	4524.207	0.50422299
44.707031	4575.6133	0.50423574
44.726563	4627.0322	0.50431567
44.746094	4661.1099	0.50471228
44.765625	4705.1558	0.50558829
44.785156	4758.7217	0.50660241
44.804688	4796.5557	0.50718349
44.824219	4839.4927	0.50738221
44.84375	4896.0083	0.50744462
44.863281	4935.4097	0.50797266
44.882813	4973.0801	0.50909692
44.902344	5030.5938	0.51001889
44.921875	5075.4385	0.51065677
44.941406	5111.1597	0.51077163
44.960938	5164.373	0.51100034
44.980469	5214.1265	0.51171774
45	5247.5864	0.51267749
45.019531	5298.1914	0.5135895
45.039063	5347.2266	0.5141874
45.058594	5379.7319	0.51420623
45.078125	5425.5547	0.51451695
45.097656	5480.7041	0.51524526
45.117188	5510.8213	0.51624262
45.136719	5549.6675	0.51719391
45.15625	5600.2168	0.51770234
45.175781	5635.6567	0.51778412
45.195313	5668.7085	0.51806653
45.214844	5717.0562	0.51883096
45.234375	5749.8105	0.51989561
45.253906	5777.2935	0.52079827
45.273438	5823.168	0.52109075
45.292969	5861.0693	0.52111173
45.3125	5881.666	0.5214076
45.332031	5916.4883	0.52223253
45.351563	5954.791	0.52322137
45.371094	5971.7817	0.52391219
45.390625	6002.8257	0.52413774
45.410156	6038.8682	0.52411795
45.429688	6052.7417	0.52444899
45.449219	6073.9707	0.5253334
45.46875	6109.271	0.52614903
45.488281	6121.3633	0.52681285
45.507813	6132.7769	0.52668589
45.527344	6162.9541	0.52663022
45.546875	6177.5317	0.52699459
45.566406	6181.2764	0.52777362
45.585938	6204.519	0.52839136
45.605469	6215.4937	0.52876371
45.625	6214.0908	0.52861011
45.644531	6229.7593	0.5284307
45.664063	6244.1167	0.52860737
45.683594	6233.0317	0.52929014
45.703125	6238.562	0.52975857
45.722656	6251.811	0.52976865
45.742188	6242.9863	0.52920431
45.761719	6236.6899	0.52878404
45.78125	6244.1421	0.52882761
45.800781	6232.6221	0.5291878
45.820313	6218.9253	0.52942717
45.839844	6223.2007	0.5289973
45.859375	6209.6694	0.52827895
45.878906	6183.5254	0.52763337
45.898438	6183.0171	0.52747881
45.917969	6169.1021	0.52761126
45.9375	6139.3198	0.52739149
45.957031	6126.1372	0.52685702
45.976563	6111.5806	0.52574402
45.996094	6079.0332	0.52513319
46.015625	6058.0137	0.52504647
46.035156	6045.3716	0.52501047
46.054688	6006.0928	0.52471405
46.074219	5976.1802	0.52384406
46.09375	5961.2129	0.52295786
46.113281	5924.3296	0.5222373
46.132813	5886.4077	0.52210772
46.152344	5863.8799	0.52201593
46.171875	5828.981	0.52164483
46.191406	5784.5942	0.52066541
46.210938	5758.1343	0.51960748
46.230469	5721.5498	0.51884496
46.25	5671.9868	0.51873583
46.269531	5640.2251	0.51844239
46.289063	5608.0005	0.51785839
46.308594	5555.1401	0.51684225
46.328125	5515.7925	0.51593727
46.347656	5482.5215	0.51526356
46.367188	5430.8018	0.51514614
46.386719	5385.4854	0.51499462
46.40625	5352.3403	0.51435423
46.425781	5301.6548	0.51319307
46.445313	5253.3096	0.51228744
46.464844	5219.021	0.51178277
46.484375	5172.5396	0.51176137
46.503906	5114.3037	0.51142597
46.523438	5077.2656	0.51071757
46.542969	5035.4697	0.5096541
46.5625	4978.3989	0.50886083
46.582031	4939.6968	0.50840265
46.601563	4899.478	0.50836807
46.621094	4842.6416	0.50797707
46.640625	4800.9932	0.50726008
46.660156	4766.1772	0.50624347
46.679688	4711.3906	0.50545311
46.699219	4661.0605	0.50521249
46.71875	4630.3618	0.50517833
46.738281	4582.6621	0.50496405
46.757813	4532.4844	0.50402629
46.777344	4501.6025	0.5030964
46.796875	4458.0229	0.50246781
46.816406	4406.23	0.50227952
46.835938	4379.1431	0.50224477
46.855469	4340.0991	0.50198919
46.875	4288.4287	0.50104898
46.894531	4258.8125	0.5002839
46.914063	4232.5522	0.4997198
46.933594	4183.6934	0.49975669
46.953125	4149.5537	0.49971136
46.972656	4128.4321	0.49947873
46.992188	4086.146	0.49855089
47.011719	4051.5061	0.49795595
47.03125	4036.5325	0.49757573
47.050781	4001	0.49778414
47.070313	3966.0029	0.49785745
47.089844	3954.1729	0.49755508
47.109375	3930.3418	0.49673674
47.128906	3896.4258	0.49630764
47.148438	3884.0779	0.49611005
47.167969	3867.707	0.4963221
47.1875	3837.4734	0.4964385
47.207031	3829.3442	0.49615735
47.226563	3820.8438	0.49545175
47.246094	3793.8494	0.49496338
47.265625	3784.3506	0.49503118
47.285156	3788.5037	0.49549195
47.304688	3768.7019	0.49562532
47.324219	3757.1655	0.49535316
47.34375	3765.303	0.49478459
47.363281	3757.7805	0.49453929
47.382813	3747.1816	0.49476391
47.402344	3760.7744	0.49528199
47.421875	3759.5942	0.49552277
47.441406	3749.3176	0.49522299
47.460938	3766.1284	0.49477041
47.480469	3778.5933	0.49461621
47.5	3770.2485	0.49521214
47.519531	3787.8096	0.49567908
47.539063	3810.3254	0.49597478
47.558594	3809.9626	0.49570882
47.578125	3827.2478	0.49543801
47.597656	3855.5642	0.49553153
47.617188	3862.6917	0.49619588
47.636719	3879.1067	0.49680495
47.65625	3915.3914	0.49696878
47.675781	3931.0251	0.49687523
47.695313	3946.9521	0.49668556
47.714844	3986.666	0.4969908
47.734375	4011.5891	0.49778455
47.753906	4028.3318	0.49838299
47.773438	4067.8901	0.49876016
47.792969	4100.9722	0.49854094
47.8125	4121.4507	0.49861428
47.832031	4164.3379	0.4990437
47.851563	4206.145	0.49998724
47.871094	4227.2686	0.50057197
47.890625	4263.1953	0.50090581
47.910156	4313.9194	0.50091857
47.929688	4344.6323	0.50100547
47.949219	4380.4536	0.50160611
47.96875	4430.4097	0.50259626
47.988281	4466.6523	0.5034039
48.007813	4501.7319	0.50364035
48.027344	4556.478	0.5035888
48.046875	4597.2632	0.50380075
48.066406	4628.4419	0.50471193
48.085938	4683.3545	0.50567859
48.105469	4731.9604	0.50641406
48.125	4765.1401	0.50656861
48.144531	4814.5889	0.50663966
48.164063	4868.0879	0.50711906
48.183594	4901.2583	0.50804448
48.203125	4948.9844	0.50896966
48.222656	5005.6465	0.50975913
48.242188	5039.9395	0.50984478
48.261719	5083.6079	0.51007396
48.28125	5141.8628	0.51052839
48.300781	5182.0659	0.51154828
48.320313	5219.5518	0.51257199
48.339844	5272.0698	0.51323086
48.359375	5316.937	0.51328731
48.378906	5351.6948	0.51359558
48.398438	5405.8223	0.51410848
48.417969	5451.5181	0.51516253
48.4375	5479.8647	0.51616657
48.457031	5529.3657	0.51674974
48.476563	5578.0674	0.51686102
48.496094	5606.5991	0.51709992
48.515625	5647.478	0.51762766
48.535156	5695.3022	0.51882601
48.554688	5724.8364	0.51962513
48.574219	5759.7622	0.52006698
48.59375	5806.3804	0.52018321
48.613281	5833.1772	0.52031231
48.632813	5859.0044	0.52116621
48.652344	5904.0381	0.52222693
48.671875	5933.2158	0.52290487
48.691406	5951.9912	0.52330381
48.710938	5990.1455	0.52331144
48.730469	6021.5923	0.52353656
48.75	6035.5347	0.52433258
48.769531	6065.5522	0.52525514
48.789063	6092.1733	0.5259431
48.808594	6103.4194	0.52610373
48.828125	6126.1196	0.52610344
48.847656	6158.5059	0.52628613
48.867188	6164.6123	0.5269841
48.886719	6174.9185	0.52787358
48.90625	6202.1118	0.52839315
48.925781	6206.1318	0.52815747
48.945313	6209.7783	0.52802098
48.964844	6230.314	0.52812445
48.984375	6235.7603	0.52890384
49.003906	6230.6035	0.52937931
49.023438	6245.4302	0.52957714
49.042969	6253.9307	0.52924579
49.0625	6237.7842	0.52890909
49.082031	6245.2544	0.52885962
49.101563	6251.3208	0.52924961
49.121094	6234.4824	0.52952003
49.140625	6229.2144	0.52943981
49.160156	6233.4648	0.52871585
49.179688	6212.271	0.52813059
49.199219	6201.207	0.52799249
49.21875	6199.4058	0.52813941
49.238281	6176.5703	0.52801496
49.257813	6151.6279	0.52752072
49.277344	6147.1216	0.52672148
49.296875	6126.4165	0.52588141
49.316406	6095.3237	0.52576309
49.335938	6081.7476	0.52571225
49.355469	6059.9717	0.525464
49.375	6022.0869	0.52483368
49.394531	6001.9775	0.52384841
49.414063	5981.9038	0.52304989
49.433594	5939.7554	0.5228551
49.453125	5912.0688	0.52280092
49.472656	5891.021	0.52239478
49.492188	5849.5601	0.52161551
49.511719	5809.2578	0.52057636
49.53125	5786.7979	0.51981086
49.550781	5743.9814	0.51961672
49.570313	5702.6494	0.51949346
49.589844	5676.5679	0.51901293
49.609375	5631.0181	0.51802516
49.628906	5581.9526	0.51712036
49.648438	5553.4531	0.51630867
49.667969	5512.4375	0.51625371
49.6875	5458.7881	0.51595515
49.707031	5419.7188	0.51543134
49.726563	5385.7036	0.51444447
49.746094	5329.0459	0.51345754
49.765625	5288.5918	0.51281941
49.785156	5254.123	0.51269358
49.804688	5197.6616	0.51237154
49.824219	5148.7744	0.51185542
49.84375	5115.7178	0.51079887
49.863281	5064.3057	0.50984663
49.882813	5009.4312	0.509211
49.902344	4976.1357	0.50916648
49.921875	4925.313	0.50894302
49.941406	4869.6548	0.50824994
49.960938	4833.1162	0.50714743
49.980469	4789.4766	0.50632012
50	4733.0576	0.50594872
50.019531	4695.6421	0.50589085
50.039063	4659.2485	0.50560975
50.058594	4602.5034	0.50490576
50.078125	4560.7046	0.50392145
50.097656	4529.686	0.50313473
50.117188	4478.6895	0.50290233
50.136719	4434.2461	0.50298011
50.15625	4404.7397	0.50269854
50.175781	4358.8799	0.5018999
50.195313	4313.165	0.50100386
50.214844	4289.1147	0.50030261
50.234375	4248.8164	0.50024647
50.253906	4200.6519	0.50032729
50.273438	4176.1191	0.50013715
50.292969	4148.5898	0.49926209
50.3125	4102.7192	0.49846426
50.332031	4076.1548	0.49801987
50.351563	4055.3618	0.49816215
50.371094	4013.4438	0.49824911
50.390625	3988.1694	0.49811
50.410156	3972.9158	0.49723122
50.429688	3934.1819	0.49663916
50.449219	3909.3215	0.49635297
50.46875	3902.1702	0.49649525
50.488281	3873.6455	0.49664977
50.507813	3846.9128	0.49643493
50.527344	3840.5903	0.49579376
50.546875	3823.4512	0.49517947
50.566406	3798.8027	0.49506056
50.585938	3797.6074	0.49541679
50.605469	3789.0806	0.49563843
50.625	3764.9167	0.49551097
50.644531	3766.6123	0.4949443
50.664063	3769.1633	0.49457514
50.683594	3753.1228	0.49470183
50.703125	3748.2244	0.49514157
50.722656	3759.6458	0.49546969
50.742188	3750.8652	0.49530986
50.761719	3748.199	0.49473614
50.78125	3766.7275	0.49453571
50.800781	3764.8796	0.49492872
50.820313	3764.4551	0.49544212
50.839844	3786.0747	0.49571419
50.859375	3798.1555	0.49560234
50.878906	3795.1086	0.49517897
50.898438	3819.49	0.49515799
50.917969	3841.4485	0.49573708
50.9375	3846.1213	0.49633598
50.957031	3874.4033	0.49676847
50.976563	3899.085	0.49655133
50.996094	3907.2639	0.49629706
51.015625	3933.8511	0.49645212
51.035156	3970.9211	0.49712089
51.054688	3986.321	0.49783528
51.074219	4010.5505	0.49825573
51.09375	4054.3352	0.49818295
51.113281	4078.2576	0.49812022
51.132813	4101.5464	0.49839091
51.152344	4145.8618	0.49920842
51.171875	4176.2798	0.49990958
51.191406	4201.3838	0.50031716
51.210938	4248.5947	0.50026166
51.230469	4287.9165	0.5003016
51.25	4314.0308	0.50082338
51.269531	4358.271	0.50171453
51.289063	4405.8086	0.50246006
51.308594	4435.4346	0.50294173
51.328125	4475.123	0.50286365
51.347656	4527.6938	0.50295842
51.367188	4559.8291	0.50360274
51.386719	4602.7974	0.50472623
51.40625	4658.1343	0.50545698
51.425781	4697.2197	0.50568634
51.445313	4732.7026	0.5057596
51.464844	4789.3569	0.50602877
51.484375	4832.77	0.50692451
51.503906	4868.8916	0.5079537
51.523438	4923.667	0.50876266
51.542969	4971.1113	0.50904131
51.5625	5007.6782	0.50918788
51.582031	5061.4409	0.50949323
51.601563	5114.769	0.51041526
51.621094	5145.6851	0.51152068
51.640625	5193.166	0.51225865
51.660156	5248.4067	0.51242721
51.679688	5283.4678	0.51252961
51.699219	5323.6636	0.51295561
51.71875	5379.7949	0.51407951
51.738281	5418.1465	0.51502806
51.757813	5453.0649	0.51576668
51.777344	5508.4658	0.51595712
51.796875	5545.396	0.51614016
51.816406	5577.5293	0.51659548
51.835938	5627.4951	0.5176571
51.855469	5671.4932	0.51863402
51.875	5696.2388	0.5193094
51.894531	5738.271	0.5194037
51.914063	5782.6514	0.51966256
51.933594	5805.0767	0.52014494
51.953125	5843.6089	0.52120608
51.972656	5886.1333	0.52209419
51.992188	5905.875	0.52258903
52.011719	5936.4736	0.52258533
52.03125	5978.5	0.5228591
52.050781	5999.5942	0.52336878
52.070313	6017.8594	0.52438152
52.089844	6055.6831	0.52519637
52.109375	6076.9526	0.52546591
52.128906	6091.0127	0.52548575
52.148438	6121.2207	0.52558941
52.167969	6142.4131	0.52627361
52.1875	6148.9272	0.52734208
52.207031	6173.3955	0.52793515
52.226563	6195.6968	0.52795291
52.246094	6194.3184	0.52776027
52.265625	6207.4824	0.52790701
52.285156	6229.5972	0.52846968
52.304688	6227.1851	0.52916366
52.324219	6232.5034	0.52953142
52.34375	6248.7368	0.52926558
52.363281	6244.6738	0.52895749
52.382813	6239.9634	0.5288167
52.402344	6253.8071	0.52928352
52.421875	6248.9502	0.5296675
52.441406	6235.7642	0.52966887
52.460938	6241.835	0.52916241
52.480469	6239.6455	0.52868229
52.5	6219.0894	0.52835095
52.519531	6211.626	0.5285328
52.539063	6207.3198	0.52858746
52.558594	6182.1108	0.52826774
52.578125	6168.8174	0.52746826
52.597656	6164.4141	0.52673227
52.617188	6134.0635	0.5263626
52.636719	6110.4102	0.52643204
52.65625	6102.0352	0.52627558
52.675781	6072.748	0.52567351
52.695313	6041.9678	0.52481896
52.714844	6027.0693	0.52397382
52.734375	5998.6914	0.52363473
52.753906	5960.4321	0.52359647
52.773438	5942.7158	0.52336031
52.792969	5910.3169	0.52270526
52.8125	5864.9902	0.52165496
52.832031	5841.1294	0.5207541
52.851563	5813.4233	0.52051783
52.871094	5765.7852	0.52036393
52.890625	5731.0742	0.52002048
52.910156	5702.9897	0.51923037
52.929688	5654.6821	0.51821321
52.949219	5613.7598	0.51736706
52.96875	5584.5117	0.51718462
52.988281	5534.4893	0.51676768
53.007813	5487.2681	0.51653194
53.027344	5457.3081	0.51553851
53.046875	5413.3638	0.51448905
53.066406	5359.2246	0.51364845
53.085938	5323.4751	0.51361763
53.105469	5282.5596	0.51337427
53.125	5223.4746	0.51289445
53.144531	5185.6021	0.51184028
53.164063	5145.3105	0.51073766
53.183594	5087.6289	0.51012826
53.203125	5047.5215	0.50998771
53.222656	5011.4814	0.50982928
53.242188	4954.0752	0.50932848
53.261719	4903.7773	0.50820673
53.28125	4871.4634	0.50732118
53.300781	4820.0649	0.50687206
53.320313	4768.7632	0.50681645
53.339844	4735.0361	0.50662589
53.359375	4686.5098	0.50591415
53.378906	4632.1582	0.50485861
53.398438	4600.8057	0.50402576
53.417969	4560.376	0.50370324
53.4375	4504.2622	0.50372732
53.457031	4468.6445	0.50352323
53.476563	4435.8945	0.50284988
53.496094	4385.1396	0.50191408
53.515625	4347.6289	0.50109494
53.535156	4319.0415	0.50088871
53.554688	4269.3804	0.50094724
53.574219	4232.1035	0.50081307
53.59375	4208.7188	0.50007844
53.613281	4168.0244	0.49920034
53.632813	4124.6543	0.49866113
53.652344	4106.9033	0.49862388
53.671875	4073.4287	0.49875832
53.691406	4032.3477	0.49857265
53.710938	4014.2407	0.49786124
53.730469	3989.0566	0.49709842
53.75	3951.7195	0.49665856
53.769531	3933.9277	0.49686652
53.789063	3920.4624	0.49705622
53.808594	3885.009	0.49693885
53.828125	3864.8743	0.49634364
53.847656	3859.8479	0.49559885
53.867188	3834.2424	0.49541414
53.886719	3812.3826	0.49570259
53.90625	3811.9473	0.4958927
53.925781	3794.0618	0.49586195
53.945313	3774.9985	0.4952445
53.964844	3780.3552	0.4947772
53.984375	3770.9407	0.49467367
54.003906	3751.1023	0.49513307
54.023438	3760.2532	0.49534735
54.042969	3765.4709	0.49530032
54.0625	3748.5525	0.49480054
54.082031	3754.4006	0.49446517
54.101563	3767.072	0.49455786
54.121094	3759.7231	0.4952361
54.140625	3765.6426	0.49549502
54.160156	3785.605	0.49550232
54.179688	3783.2017	0.49504155
54.199219	3792.0984	0.49490356
54.21875	3819.7927	0.49519801
54.238281	3828.7202	0.49582124
54.257813	3835.031	0.49633056
54.277344	3863.9272	0.49618429
54.296875	3884.6743	0.4959355
54.316406	3891.9517	0.49589023
54.335938	3924.5137	0.49651349
54.355469	3951.6541	0.49727166
54.375	3965.04	0.49775961
54.394531	3999.2485	0.49769425
54.414063	4036.2305	0.49756402
54.433594	4050.51	0.49780345
54.453125	4081.717	0.49835682
54.472656	4125.0645	0.49910423
54.492188	4150.356	0.4996714
54.511719	4181.8477	0.49956238
54.53125	4226.644	0.49964505
54.550781	4257.0591	0.49996614
54.570313	4286.835	0.50081187
54.589844	4336.9844	0.50155705
54.609375	4373.7573	0.50208181
54.628906	4403.4463	0.50214583
54.648438	4453.915	0.50220561
54.667969	4500.5576	0.50266778
54.6875	4531.1763	0.50367153
54.707031	4577.1841	0.50465393
54.726563	4628.1108	0.50495499
54.746094	4661.6675	0.50505352
54.765625	4707.9834	0.50520438
54.785156	4763.3545	0.5059154
54.804688	4797.2671	0.50688732
54.824219	4839.6748	0.50775707
54.84375	4898.3081	0.5081082
54.863281	4937.9199	0.50815523
54.882813	4976.2363	0.50842971
54.902344	5032.1929	0.50931066
54.921875	5077.3511	0.51042068
54.941406	5112.3159	0.51121795
54.960938	5168.6504	0.51150602
54.980469	5215.2813	0.51160979
55	5248.6118	0.51194018
55.019531	5297.6411	0.51290441
55.039063	5351.8618	0.51392698
55.058594	5384.4482	0.51474267
55.078125	5426.2393	0.5149467
55.097656	5479.9795	0.5150376
55.117188	5513.3311	0.51563716
55.136719	5552.4443	0.51668489
55.15625	5604.3945	0.51768905
55.175781	5637.332	0.51830834
55.195313	5668.1079	0.51854944
55.214844	5718.7256	0.51866716
55.234375	5755.3291	0.5190866
55.253906	5780.2603	0.52007282
55.273438	5824.312	0.52102649
55.292969	5861.314	0.52167541
55.3125	5882.3511	0.52169549
55.332031	5920.4595	0.52184588
55.351563	5957.4561	0.52235711
55.371094	5972.2227	0.52342021
55.390625	6003.29	0.52426499
55.410156	6041.4204	0.52470744
55.429688	6055.9507	0.5246805
55.449219	6075.7114	0.5247913
55.46875	6111.2534	0.52537119
55.488281	6123.2959	0.52638447
55.507813	6135.9282	0.52707827
55.527344	6166.2319	0.52731031
55.546875	6177.5337	0.52722043
55.566406	6182.8403	0.52724928
55.585938	6206.2305	0.52789342
55.605469	6222.833	0.52865553
55.625	6215.5864	0.5291869
55.644531	6229.3213	0.52906919
55.664063	6245.5352	0.52880657
55.683594	6237.6587	0.52866524
55.703125	6242.1367	0.52909881
55.722656	6252.8564	0.52961046
55.742188	6242.8574	0.52984422
55.761719	6237.5645	0.52945149
55.78125	6249.5684	0.52886015
55.800781	6237.0918	0.5285697
55.820313	6220.7134	0.52882296
55.839844	6225.0317	0.52900934
55.859375	6211.1899	0.52881008
55.878906	6188.8804	0.52809823
55.898438	6184.9478	0.52741075
55.917969	6171.9912	0.52687299
55.9375	6141.8198	0.52696353
55.957031	6128.6851	0.52688116
55.976563	6117.1353	0.52657062
55.996094	6080.5132	0.52552819
56.015625	6058.7427	0.52472156
56.035156	6047.7461	0.52422088
56.054688	6011.4634	0.52423954
56.074219	5981.4536	0.52406275
56.09375	5962.3091	0.52346933
56.113281	5925.625	0.52240121
56.132813	5887.5571	0.52154773
56.152344	5869.6167	0.52121991
56.171875	5830.856	0.52122587
56.191406	5786.1382	0.52092808
56.210938	5759.9282	0.52019471
56.230469	5726.5313	0.51908869
56.25	5676.2329	0.51825064
56.269531	5643.8257	0.51790488
56.289063	5609.9517	0.51771754
56.308594	5558.1157	0.5175029
56.328125	5519.4233	0.51669669
56.347656	5485.9985	0.51557648
56.367188	5434.397	0.51472646
56.386719	5386.5571	0.51444018
56.40625	5356.6699	0.51427484
56.425781	5304.8042	0.51382554
56.445313	5255.3516	0.51289225
56.464844	5220.8599	0.51178002
56.484375	5173.6548	0.51104414
56.503906	5118.1245	0.51084769
56.523438	5082.6851	0.51072586
56.542969	5037.9116	0.51027989
56.5625	4979.3535	0.50931686
56.582031	4943.3423	0.50824594
56.601563	4904.6743	0.50754035
56.621094	4846.0796	0.5073964
56.640625	4801.9941	0.50724328
56.660156	4766.9092	0.5067513
56.679688	4714.7197	0.50571591
56.699219	4665.1084	0.50487804
56.71875	4634.2129	0.50429893
56.738281	4582.4355	0.50437105
56.757813	4534.5894	0.50415885
56.777344	4507.5928	0.50370485
56.796875	4460.3218	0.50270104
56.816406	4408.3203	0.50187892
56.835938	4377.8584	0.50138509
56.855469	4342.8179	0.50158358
56.875	4291.6738	0.50136387
56.894531	4262.1338	0.50082356
56.914063	4232.6343	0.49988878
56.933594	4185.1035	0.49928695
56.953125	4153.3623	0.49905601
56.972656	4130.4731	0.49917924
56.992188	4087.5911	0.49905166
57.011719	4053.3062	0.49848735
57.03125	4038.4436	0.49774998
57.050781	4005.5896	0.4970758
57.070313	3970.0303	0.49707872
57.089844	3956.1055	0.49731648
57.109375	3930.27	0.49723968
57.128906	3897.5969	0.49656683
57.148438	3885.5254	0.49590677
57.167969	3869.4404	0.49548122
57.1875	3839.292	0.49576047
57.207031	3830.2466	0.49597138
57.226563	3823.8989	0.49605447
57.246094	3797.2488	0.49544558
57.265625	3785.373	0.49491125
57.285156	3788.6799	0.49470162
57.304688	3770.4863	0.49505436
57.324219	3759.6807	0.49544519
57.34375	3768.2083	0.49542484
57.363281	3758.4727	0.49487367
57.382813	3749.1414	0.49448907

Data Acquisition						Time:	70.709961	s	2/8/2024 2:44:08 PM
Time	Ch 1 Force	Bolt
s	N	V
57.402344	3762.9226	0.49437529
57.421875	3763.2397	0.49496052
57.441406	3753.7605	0.49532756
57.460938	3768.1553	0.49542433
57.480469	3779.2849	0.49488115
57.5	3773.3916	0.49465841
57.519531	3789.5706	0.49480861
57.539063	3810.5198	0.49542311
57.558594	3810.97	0.49592885
57.578125	3827.4866	0.49594817
57.597656	3858.4653	0.49567235
57.617188	3865.0044	0.49551395
57.636719	3880.6069	0.49597514
57.65625	3915.0591	0.4967044
57.675781	3932.1707	0.49715137
57.695313	3947.1169	0.4972015
57.714844	3985.7197	0.49696797
57.734375	4011.4116	0.49711365
57.753906	4028.5339	0.49767777
57.773438	4068.512	0.49854606
57.792969	4103.8643	0.49907476
57.8125	4120.208	0.4990581
57.832031	4160.0781	0.49905077
57.851563	4205.1055	0.49927261
57.871094	4229.2368	0.50002426
57.890625	4265.5171	0.50076032
57.910156	4313.1245	0.50145215
57.929688	4342.062	0.50141382
57.949219	4379.4497	0.50139636
57.96875	4434.0498	0.50184619
57.988281	4466.5459	0.50274205
58.007813	4500.3398	0.50345784
58.027344	4554.5244	0.50413877
58.046875	4596.7622	0.50419325
58.066406	4630.042	0.50428665
58.085938	4681.7368	0.50487733
58.105469	4729.2891	0.505862
58.125	4763.9873	0.50674987
58.144531	4814.9121	0.50722194
58.164063	4866.835	0.50729167
58.183594	4898.1318	0.50750321
58.203125	4947.6772	0.50817561
58.222656	5003.4009	0.50931829
58.242188	5040.9751	0.51026648
58.261719	5084.1577	0.51066923
58.28125	5139.1001	0.51084602
58.300781	5179.6343	0.51110697
58.320313	5219.8398	0.5118621
58.339844	5276.0049	0.51296729
58.359375	5315.1538	0.51381594
58.378906	5350.1138	0.51422173
58.398438	5405.5225	0.51431364
58.417969	5452.9712	0.51459605
58.4375	5483.9365	0.51568919
58.457031	5530.7334	0.51662529
58.476563	5576.958	0.51742089
58.496094	5606.6147	0.51758766
58.515625	5647.5181	0.51773304
58.535156	5696.231	0.51817244
58.554688	5722.9106	0.51915401
58.574219	5760.3926	0.52008772
58.59375	5806.2822	0.52083695
58.613281	5835.749	0.52089167
58.632813	5860.9766	0.52108771
58.652344	5905.5742	0.52140194
58.671875	5933.9077	0.52248532
58.691406	5953.5586	0.52339458
58.710938	5993.5459	0.52394158
58.730469	6021.3457	0.52406585
58.75	6035.4531	0.52417916
58.769531	6066.3813	0.52454823
58.789063	6096.9863	0.52557433
58.808594	6106.041	0.52646875
58.828125	6127.2275	0.52670372
58.847656	6158.0229	0.52673721
58.867188	6163.6304	0.52674782
58.886719	6178.3984	0.52717805
58.90625	6200.2388	0.5280323
58.925781	6207.3936	0.52875239
58.945313	6209.8286	0.5287711
58.964844	6232.0659	0.52848423
58.984375	6237.1855	0.52836806
59.003906	6231.748	0.52880251
59.023438	6246.8628	0.52945906
59.042969	6251.8018	0.52972794
59.0625	6239.0664	0.52959502
59.082031	6244.6465	0.52906477
59.101563	6251.5767	0.52865773
59.121094	6235.5156	0.52894735
59.140625	6231.4053	0.52926147
59.160156	6236.5952	0.52935433
59.179688	6213.9932	0.52874142
59.199219	6197.3599	0.5280298
59.21875	6199.9448	0.52743703
59.238281	6177.3594	0.52757865
59.257813	6154.1831	0.52756423
59.277344	6148.0874	0.52733409
59.296875	6124.4941	0.52643865
59.316406	6094.0054	0.52557111
59.335938	6083.8774	0.52498925
59.355469	6060.0337	0.52504319
59.375	6021.9976	0.52495253
59.394531	6003.3267	0.52451211
59.414063	5984.5532	0.52348953
59.433594	5942.9077	0.52263075
59.453125	5911.8301	0.5221433
59.472656	5890.1382	0.52207476
59.492188	5849.5459	0.52184176
59.511719	5814.2256	0.5212599
59.53125	5789.7285	0.52019233
59.550781	5744.2671	0.51922429
59.570313	5702.0996	0.51888704
59.589844	5674.9199	0.51878697
59.609375	5635.7886	0.51849192
59.628906	5583.4595	0.51766688
59.648438	5552.7627	0.51660401
59.667969	5513.4912	0.51577932
59.6875	5459.5044	0.51530826
59.707031	5424.7783	0.51519674
59.726563	5385.8462	0.51489705
59.746094	5328.4121	0.51400161
59.765625	5290.3716	0.51301455
59.785156	5256.5059	0.51203859
59.804688	5200.2681	0.51183337
59.824219	5150.6943	0.51169002
59.84375	5118.3604	0.51135784
59.863281	5064.2739	0.51027566
59.882813	5012.5703	0.50927126
59.902344	4978.4385	0.50860453
59.921875	4931.2578	0.50843406
59.941406	4874.3525	0.50827712
59.960938	4838.6777	0.50774485
59.980469	4797.5254	0.50681436
60	4738.3394	0.5057807
60.019531	4701.6548	0.50513721
60.039063	4664.5693	0.50520706
60.058594	4609.9609	0.50509113
60.078125	4567.4375	0.50463611
60.097656	4534.1694	0.5035727
60.117188	4482.8784	0.50269008
60.136719	4437.8726	0.50226939
60.15625	4409.603	0.50228119
60.175781	4363.0781	0.50206929
60.195313	4316.4365	0.50169492
60.214844	4292.019	0.50070757
60.234375	4254.4785	0.50000817
60.253906	4207.5952	0.49964604
60.273438	4178.8857	0.49974197
60.292969	4149.8657	0.49972031
60.3125	4104.5488	0.49935591
60.332031	4082.9019	0.49837944
60.351563	4060.4004	0.49784845
60.371094	4015.2969	0.4976573
60.390625	3988.9851	0.49776292
60.410156	3973.2817	0.4976877
60.429688	3939.863	0.49722159
60.449219	3912.2495	0.49649027
60.46875	3902.3228	0.49603584
60.488281	3876.4856	0.49602297
60.507813	3849.0684	0.49632344
60.527344	3845.6538	0.49629077
60.546875	3827.0684	0.49575254
60.566406	3799.1807	0.49523532
60.585938	3798.5298	0.49497956
60.605469	3793.9158	0.49518928
60.625	3770.2375	0.49541658
60.644531	3767.7693	0.49556223
60.664063	3771.4583	0.49509144
60.683594	3754.0151	0.49449143
60.703125	3753.0608	0.49448672
60.722656	3765.0969	0.4948945
60.742188	3752.3428	0.49526531
60.761719	3750.822	0.49539065
60.78125	3767.9626	0.49486321
60.800781	3768.8013	0.4945578
60.820313	3764.3154	0.49460289
60.839844	3787.1453	0.49517709
60.859375	3796.8938	0.49576002
60.878906	3798.624	0.49577296
60.898438	3821.6443	0.49543464
60.917969	3843.9075	0.49536592
60.9375	3847.0325	0.49554065
60.957031	3872.6362	0.49625573
60.976563	3902.8843	0.4967196
60.996094	3909.855	0.49685952
61.015625	3933.9888	0.49667412
61.035156	3971.2061	0.49658048
61.054688	3988.4956	0.49709702
61.074219	4012.4226	0.49787462
61.09375	4053.7686	0.49846441
61.113281	4076.0173	0.4985885
61.132813	4102.2056	0.49847487
61.152344	4147.3979	0.49851358
61.171875	4178.3784	0.49922258
61.191406	4201.4683	0.5001564
61.210938	4247.3569	0.50070918
61.230469	4288.4067	0.50081587
61.25	4314.2588	0.50078058
61.269531	4361.0117	0.5011012
61.289063	4405.5078	0.5018627
61.308594	4434.1592	0.50271726
61.328125	4478.8848	0.50337648
61.347656	4531.7544	0.50339842
61.367188	4563.3286	0.50352144
61.386719	4601.0234	0.5039537
61.40625	4658.6182	0.50488698
61.425781	4698.272	0.50587744
61.445313	4735.0117	0.50642002
61.464844	4791.4614	0.50644273
61.484375	4834.9014	0.50657707
61.503906	4871.4087	0.50720501
61.523438	4927.4131	0.50829387
61.542969	4974.6396	0.5092783
61.5625	5008.4448	0.50977135
61.582031	5060.6729	0.5098803
61.601563	5114.5342	0.51010352
61.621094	5148.3623	0.51083738
61.640625	5194.3848	0.51181525
61.660156	5248.2402	0.51273918
61.679688	5284.9858	0.51330906
61.699219	5327.3604	0.51337039
61.71875	5382.4858	0.51372653
61.738281	5418.0645	0.51450247
61.757813	5454.4102	0.51549464
61.777344	5508.9253	0.51632774
61.796875	5549.5439	0.5167625
61.816406	5579.9893	0.51680851
61.835938	5629.7954	0.51717144
61.855469	5670.9502	0.51798475
61.875	5698.2046	0.51903254
61.894531	5741.2871	0.51972818
61.914063	5783.8433	0.52010864
61.933594	5806.6069	0.52022922
61.953125	5844.2178	0.5206179
61.972656	5889.6719	0.52154112
61.992188	5911.1973	0.52243423
62.011719	5936.019	0.52319884
62.03125	5977.1743	0.52319044
62.050781	6000.1328	0.52341664
62.070313	6020.583	0.52380002
62.089844	6055.6392	0.52465296
62.109375	6077.7603	0.52549875
62.128906	6089.6626	0.52603489
62.148438	6123.5146	0.52610898
62.167969	6145.0815	0.52615041
62.1875	6149.6738	0.52648675
62.207031	6170.9634	0.52729523
62.226563	6194.7974	0.5280323
62.246094	6195.5005	0.52837259
62.265625	6210.0005	0.52808559
62.285156	6229.9785	0.52799898
62.304688	6228.0815	0.5283373
62.324219	6233.1382	0.52905667
62.34375	6250.9399	0.52952886
62.363281	6245.9116	0.52952784
62.382813	6240.0571	0.52908391
62.402344	6252.0547	0.52880257
62.421875	6251.1421	0.52897322
62.441406	6236.1348	0.52934599
62.460938	6242.3223	0.52953672
62.480469	6239.7363	0.52915496
62.5	6217.854	0.52843148
62.519531	6214.6235	0.52797431
62.539063	6210.1704	0.52789235
62.558594	6183.1855	0.52814072
62.578125	6169.8818	0.52798253
62.597656	6165.2271	0.5271787
62.617188	6136.397	0.526443
62.636719	6113.1719	0.52574015
62.65625	6102.7334	0.52564907
62.675781	6072.4507	0.5256294
62.695313	6041.2754	0.52531725
62.714844	6029.624	0.52447277
62.734375	5998.9087	0.52352726
62.753906	5960.6963	0.52286732
62.773438	5941.5039	0.52290922
62.792969	5914.2012	0.52272463
62.8125	5868.8496	0.52213794
62.832031	5838.8179	0.52124429
62.851563	5813.2764	0.52031285
62.871094	5767.0103	0.51962346
62.890625	5734.3701	0.51955551
62.910156	5705.7275	0.51929945
62.929688	5652.792	0.51871848
62.949219	5613.938	0.51764584
62.96875	5584.0283	0.51674801
62.988281	5537.4458	0.51614708
63.007813	5488.4243	0.51605505
63.027344	5455.9233	0.51583046
63.046875	5411.1006	0.51509851
63.066406	5360.0015	0.51406646
63.085938	5325.4355	0.51312482
63.105469	5281.5708	0.5126738
63.125	5224.2686	0.51260704
63.144531	5186.7021	0.51238227
63.164063	5149.918	0.5113889
63.183594	5091.3945	0.51040417
63.203125	5045.8213	0.50962174
63.222656	5009.2549	0.50923318
63.242188	4953.5635	0.50905401
63.261719	4906.9102	0.5087719
63.28125	4871.0586	0.50782937
63.300781	4819.6787	0.50674278
63.320313	4768.6123	0.50603837
63.339844	4734.9614	0.5058291
63.359375	4689.3418	0.50581592
63.378906	4631.7222	0.50539011
63.398438	4599.9517	0.5044632
63.417969	4559.6514	0.50353056
63.4375	4506.916	0.5028652
63.457031	4469.8638	0.50285268
63.476563	4436.4819	0.50275505
63.496094	4384.6055	0.50241941
63.515625	4347.4414	0.5014599
63.535156	4320.457	0.50069529
63.554688	4270.6519	0.50020385
63.574219	4228.9775	0.50034219
63.59375	4209.2681	0.50023729
63.613281	4168.3511	0.49990153
63.632813	4127.6479	0.49898791
63.652344	4106.4609	0.49825713
63.671875	4074.2603	0.49792099
63.691406	4033.7874	0.49805161
63.710938	4013.4548	0.49811009
63.730469	3990.2817	0.4977569
63.75	3950.9768	0.49701124
63.769531	3934.4236	0.49635234
63.789063	3921.8083	0.49625093
63.808594	3885.2856	0.49653757
63.828125	3865.2544	0.49664125
63.847656	3857.7173	0.4961957
63.867188	3832.5105	0.49558288
63.886719	3814.8608	0.49509943
63.90625	3814.916	0.4952288
63.925781	3795.1951	0.49543637
63.945313	3776.4121	0.49565065
63.964844	3781.9341	0.49530569
63.984375	3773.6572	0.4947722
64.003906	3754.4646	0.49440756
64.023438	3759.6648	0.49476919
64.042969	3763.2026	0.49522907
64.0625	3748.9395	0.49538344
64.082031	3756.8975	0.49485788
64.101563	3768.4448	0.49456778
64.121094	3759.2212	0.49436298
64.140625	3764.989	0.49484628
64.160156	3785.6636	0.49541199
64.179688	3784.7908	0.49553573
64.199219	3792.3613	0.49510604
64.21875	3818.2483	0.49505395
64.238281	3829.4097	0.49518591
64.257813	3836.5862	0.49584734
64.277344	3867.3447	0.4963966
64.296875	3883.2869	0.49667853
64.316406	3892.9529	0.49626762
64.335938	3925.2219	0.49629128
64.355469	3954.3081	0.49655831
64.375	3965.1472	0.49728566
64.394531	3996.8782	0.4979023
64.414063	4034.5354	0.49800989
64.433594	4052.8875	0.49778923
64.453125	4084.1624	0.49788618
64.472656	4126.3369	0.49846813
64.492188	4149.3931	0.49931988
64.511719	4179.9624	0.49989814
64.53125	4229.1655	0.50021672
64.550781	4258.8667	0.5001595
64.570313	4287.2012	0.50015718
64.589844	4337.582	0.50084895
64.609375	4375.3359	0.50177521
64.628906	4404.5308	0.50252891
64.648438	4454.7651	0.50272268
64.667969	4499.2271	0.50270057
64.6875	4532.0342	0.50292945
64.707031	4580.0767	0.50383788
64.726563	4629.2163	0.50474846
64.746094	4659.3955	0.50556171
64.765625	4705.8203	0.50568169
64.785156	4763.7271	0.50568825
64.804688	4799.6582	0.50602567
64.824219	4841.6997	0.50702327
64.84375	4898.5698	0.50808752
64.863281	4937.2856	0.508627
64.882813	4976.5474	0.50877208
64.902344	5034.9805	0.50905055
64.921875	5078.0215	0.50949746
64.941406	5114.0298	0.51056373
64.960938	5169.2954	0.51168823
64.980469	5216.543	0.51216316
65	5250.1309	0.51225185
65.019531	5298.1367	0.51249522
65.039063	5349.7695	0.51317942
65.058594	5382.2695	0.51433772
65.078125	5428.9839	0.51520807
65.097656	5481.5835	0.51578903
65.117188	5512.6694	0.51588833
65.136719	5549.5835	0.51614058
65.15625	5603.6938	0.51682699
65.175781	5639.9912	0.51785016
65.195313	5667.5195	0.51873738
65.214844	5715.9507	0.5191676
65.234375	5752.5879	0.51919663
65.253906	5780.291	0.51956004
65.273438	5824.4136	0.5202682
65.292969	5860.0825	0.52146989
65.3125	5881.4009	0.52208734
65.332031	5918.8486	0.52233315
65.351563	5958.2808	0.52244121
65.371094	5973.0156	0.52261144
65.390625	6001.6733	0.52343971
65.410156	6038.9199	0.5244323
65.429688	6054.6367	0.52514982
65.449219	6076.6694	0.52536541
65.46875	6109.4741	0.5253951
65.488281	6121.5303	0.52554548
65.507813	6136.5107	0.52642459
65.527344	6164.4365	0.52728689
65.546875	6177.437	0.52773857
65.566406	6179.731	0.52763176
65.585938	6203.0107	0.52752328
65.605469	6219.1348	0.52765369
65.625	6213.9302	0.52839011
65.644531	6231.1865	0.52905828
65.664063	6240.9077	0.52931297
65.683594	6234.9092	0.52895737
65.703125	6240.6372	0.52867293
65.722656	6255.7656	0.5286957
65.742188	6241.6836	0.52924013
65.761719	6235.1143	0.52936858
65.78125	6246.4272	0.52928978
65.800781	6235.0337	0.52871186
65.820313	6220.8682	0.5281024
65.839844	6223.5977	0.52805835
65.859375	6209.0288	0.52834529
65.878906	6186.5254	0.52829814
65.898438	6182.3799	0.52772903
65.917969	6166.1968	0.52690268
65.9375	6133.2368	0.52616465
65.957031	6121.0913	0.52593684
65.976563	6107.936	0.52597582
65.996094	6074.1436	0.52585244
66.015625	6053.3481	0.52510881
66.035156	6039.4917	0.52409971
66.054688	6003.4795	0.52338845
66.074219	5974.0112	0.52319854
66.09375	5958.5171	0.52319396
66.113281	5918.4658	0.52292818
66.132813	5880.3999	0.52196056
66.152344	5861.4126	0.52102774
66.171875	5826.3506	0.52025193
66.191406	5779.9785	0.52007681
66.210938	5751.7651	0.51990563
66.230469	5718.1182	0.51953423
66.25	5669.0088	0.51838028
66.269531	5636.3335	0.51751667
66.289063	5604.7095	0.51677239
66.308594	5550.5674	0.51675427
66.328125	5513.1577	0.51651585
66.347656	5480.5898	0.51602697
66.367188	5430.0864	0.51503754
66.386719	5381.5313	0.51397252
66.40625	5348.5415	0.51333666
66.425781	5300.2935	0.51330614
66.445313	5251.3989	0.51295632
66.464844	5215.4854	0.51225823
66.484375	5166.584	0.51114464
66.503906	5111.2959	0.51033455
66.523438	5075.4995	0.5097965
66.542969	5032.4214	0.50980353
66.5625	4975.7456	0.50955087
66.582031	4934.1084	0.50876802
66.601563	4894.9985	0.50771749
66.621094	4840.396	0.50683427
66.640625	4797.0977	0.50658268
66.660156	4760.8618	0.5064829
66.679688	4704.0073	0.50614363
66.699219	4657.9033	0.50529498
66.71875	4627.3286	0.50435424
66.738281	4578.9819	0.50356293
66.757813	4526.6787	0.50337338
66.777344	4496.313	0.50335461
66.796875	4452.7871	0.5030663
66.816406	4403.3979	0.50229394
66.835938	4372.3394	0.5013628
66.855469	4335.1147	0.50062239
66.875	4285.1665	0.50069278
66.894531	4255.6226	0.50076908
66.914063	4225.7993	0.50043887
66.933594	4178.3604	0.49951988
66.953125	4145.5151	0.49877554
66.972656	4124.5474	0.49832588
66.992188	4083.1118	0.49835676
67.011719	4049.8843	0.49846128
67.03125	4030.7212	0.49825069
67.050781	3997.0212	0.49742374
67.070313	3964.0447	0.49675584
67.089844	3950.572	0.49648565
67.109375	3924.7354	0.49668974
67.128906	3890.7952	0.496759
67.148438	3879.7756	0.49655247
67.167969	3866.6333	0.49574926
67.1875	3834.3213	0.4952037
67.207031	3824.9937	0.49518988
67.226563	3817.7351	0.49560732
67.246094	3792.9019	0.49582148
67.265625	3782.7769	0.49545801
67.285156	3783.5869	0.49490336
67.304688	3763.9712	0.49445811
67.324219	3754.3728	0.49454957
67.34375	3762.4729	0.49499333
67.363281	3754.9014	0.49528226
67.382813	3742.1326	0.49490875
67.402344	3755.8567	0.49450991
67.421875	3756.845	0.49430522
67.441406	3747.8767	0.4946627
67.460938	3762.7397	0.49511355
67.480469	3772.6477	0.49540666
67.5	3766.4023	0.49517018
67.519531	3785.311	0.49473214
67.539063	3808.4023	0.49472627
67.558594	3807.1809	0.4953545
67.578125	3822.5769	0.4959065
67.597656	3850.2834	0.49614829
67.617188	3860.8745	0.49583361
67.636719	3877.2568	0.49575216
67.65625	3912.1692	0.49588713
67.675781	3925.3333	0.49650973
67.695313	3943.5808	0.4972395
67.714844	3982.7573	0.49756187
67.734375	4007.5784	0.49736384
67.753906	4022.0813	0.49739426
67.773438	4062.7412	0.49766457
67.792969	4099.8691	0.49844697
67.8125	4119.5049	0.4992193
67.832031	4158.2124	0.49948782
67.851563	4200.7954	0.49934286
67.871094	4223.0933	0.4993183
67.890625	4263.2656	0.49992326
67.910156	4311.4185	0.50084251
67.929688	4339.709	0.50166929
67.949219	4374.5874	0.50195462
67.96875	4427.5522	0.50192285
67.988281	4465.855	0.50216478
68.007813	4500.2466	0.50283504
68.027344	4550.9136	0.50381768
68.046875	4593.2427	0.50460494
68.066406	4628.0786	0.50487751
68.085938	4682.6426	0.50487763
68.105469	4730.1553	0.50514209
68.125	4762.5542	0.50602782
68.144531	4814.2598	0.50701982
68.164063	4866.0322	0.50770628
68.183594	4900.7109	0.50797951
68.203125	4946.605	0.50815153
68.222656	5001.0762	0.50850981
68.242188	5038.5586	0.50935847
68.261719	5082.4731	0.51048207
68.28125	5141.0752	0.51127523
68.300781	5177.4746	0.51128608
68.320313	5215.4399	0.5115453
68.339844	5271.1465	0.51197839
68.359375	5315.3032	0.51308769
68.378906	5349.5947	0.5141567
68.398438	5401.4482	0.51478589
68.417969	5447.4365	0.51473713
68.4375	5480.4238	0.51505327
68.457031	5529.3862	0.51560712
68.476563	5575.0352	0.51678157
68.496094	5602.1162	0.51772183
68.515625	5644.5742	0.51818639
68.535156	5693.8242	0.51831663
68.554688	5722.7168	0.51853168
68.574219	5754.5479	0.51917213
68.59375	5803.1733	0.52030736
68.613281	5831.8105	0.52110744
68.632813	5859.4131	0.52165782
68.652344	5903.708	0.52149785
68.671875	5930.6035	0.52182102
68.691406	5951.2334	0.52260703
68.710938	5991.0527	0.52352655
68.730469	6019.6304	0.52434754
68.75	6034.332	0.52455342
68.769531	6061.9976	0.52456033
68.789063	6094.2725	0.52471942
68.808594	6102.4238	0.5254975
68.828125	6126.4507	0.52640069
68.847656	6153.4893	0.527013
68.867188	6159.6621	0.52695632
68.886719	6172.8984	0.52701724
68.90625	6200.1221	0.52714473
68.925781	6205.8213	0.52781171
68.945313	6208.1514	0.52852678
68.964844	6227.4751	0.5289889
68.984375	6235.7402	0.52866942
69.003906	6231.1113	0.52844012
69.023438	6245.2803	0.52846748
69.042969	6249.3662	0.52903384
69.0625	6236.8306	0.52941436
69.082031	6243.0176	0.52944112
69.101563	6248.7271	0.52889532
69.121094	6231.0825	0.52834249
69.140625	6227.1221	0.52826524
69.160156	6231.7852	0.52859342
69.179688	6212.1313	0.52875805
69.199219	6198.3989	0.52836663
69.21875	6194.4624	0.52753538
69.238281	6174.6206	0.52686387
69.257813	6150.4478	0.52662891
69.277344	6146.9395	0.52670979
69.296875	6122.5234	0.52661878
69.316406	6090.2427	0.5259583
69.335938	6078.6982	0.52502626
69.355469	6057.2612	0.52434552
69.375	6019.4355	0.52403539
69.394531	5998.5156	0.52401733
69.414063	5978.0176	0.52386332
69.433594	5937.4858	0.52306664
69.453125	5912.9395	0.52206635
69.472656	5889.5044	0.52126485
69.492188	5846	0.52101588
69.511719	5810.583	0.52095765
69.53125	5786.2241	0.52044767
69.550781	5744.2754	0.51961726
69.570313	5698.3271	0.51866698
69.589844	5671.1924	0.51776606
69.609375	5630.7676	0.51775807
69.628906	5582.4512	0.51756978
69.648438	5551.1294	0.51695734
69.667969	5510.4121	0.51594263
69.6875	5456.7617	0.5149169
69.707031	5420.4966	0.51430416
69.726563	5385.0537	0.51427954
69.746094	5328.312	0.51398557
69.765625	5284.2646	0.51337242
69.785156	5252.3809	0.51239127
69.804688	5194.3228	0.51139945
69.824219	5150.1748	0.51088524
69.84375	5114.8525	0.51074529
69.863281	5060.2842	0.51043624
69.882813	5008.4272	0.50981253
69.902344	4977.6919	0.50872988
69.921875	4928.6284	0.50769651
69.941406	4871.7119	0.50725538
69.960938	4834.7163	0.5073421
69.980469	4793.3486	0.50708866
70	4735.8896	0.50630146
70.019531	4697.4795	0.50530392
70.039063	4659.186	0.5045684
70.058594	4604.2007	0.50423384
70.078125	4565.4692	0.5041151
70.097656	4532.8237	0.50395966
70.117188	4478.8857	0.50325298
70.136719	4433.5171	0.50225067
70.15625	4407.4663	0.50147414
70.175781	4362.7642	0.50144589
70.195313	4316.1294	0.5014134
70.214844	4289.3936	0.50117671
70.234375	4248.939	0.50040972
70.253906	4201.166	0.49948567
70.273438	4177.9058	0.49901217
70.292969	4146.0918	0.49891829
70.3125	4100.0396	0.49906665
70.332031	4074.656	0.49876305
70.351563	4055.0481	0.49804404
70.371094	4015.8552	0.49734002
70.390625	3988.1047	0.49699944
70.410156	3972.1045	0.4971379
70.429688	3936.5996	0.49733099
70.449219	3910.9456	0.4970631
70.46875	3901.73	0.49618334
70.488281	3874.4353	0.49569815
70.507813	3847.6177	0.49550903
70.527344	3842.9775	0.49582794
70.546875	3826.2822	0.49594957
70.566406	3800.3457	0.49569672
70.585938	3797.0901	0.49503487
70.605469	3790.6089	0.49454874
70.625	3767.8035	0.49466622
70.644531	3767.7542	0.49507493
70.664063	3769.9355	0.49537849
70.683594	3752.6731	0.49507648
70.703125	3751.917	0.49460474

Data Acquisition						Time:	70.712891	s	2/8/2024 2:44:08 PM
Time	Ch 1 Force	Bolt
s	N	V
70.706055	6257.9873	0.52998489
37.387695	3738.9211	0.49421847
